175,5,1.067725
76,2,0.107103
84,3,0.160495
95,11,0.585776
88,28,1.451001
77,2,0.095532
131,8,0.842937
92,29,1.631792
213,63,10.105313
90,2,0.111525
100,3,0.188013
83,12,0.543245
247,4,1.745811
191,14,2.688181
89,10,0.573632
243,2,0.848016
142,22,2.454118
76,2,0.090890
117,4,0.310705
97,3,0.217126
103,11,0.691076
118,2,0.174208
26,2,0.058442
141,8,1.005884
274,3,1.671685
74,2,0.088813
158,6,0.936293
88,3,0.154489
88,21,1.005317
83,3,0.147472
98,7,0.495188
139,25,2.884778
52,4,0.121946
90,5,0.280719
112,2,0.151914
135,15,1.650774
421,19,19.954418
142,3,0.371151
279,35,16.492281
53,2,0.067391
100,22,1.450260
103,84,4.859140
88,2,0.103324
46,87,2.523668
87,8,0.428492
94,2,0.147023
239,5,2.028783
93,14,0.813913
90,17,0.799830
37,2,0.060649
77,3,0.142648
140,8,0.785190
100,3,0.216499
85,16,0.838569
92,37,1.895020
112,14,1.115404
121,2,0.192791
90,9,0.483610
77,3,0.138715
71,2,0.078995
267,2,1.014966
103,20,1.403316
75,2,0.089979
80,2,0.096311
68,5,0.184037
169,2,0.327996
83,2,0.097065
116,30,2.355062
77,2,0.090023
302,4,2.531061
71,2,0.089450
94,5,0.305558
50,2,0.055305
118,13,1.125173
146,7,0.822437
71,4,0.209234
82,3,0.148044
61,56,2.219269
148,2,0.233343
104,3,0.201865
144,73,5.204851
325,4,2.825583
133,11,1.150784
65,3,0.115265
73,5,0.175850
86,32,1.605354
80,3,0.132193
77,2,0.084805
70,2,0.092811
68,4,0.138972
95,5,0.367393
75,8,0.399195
85,17,0.963463
73,6,0.270449
109,2,0.160074
186,18,3.638782
37,3,0.090540
70,3,0.124195
127,18,1.434530
98,7,0.490941
65,2,0.093951
80,19,0.919239
98,3,0.179829
155,6,0.773494
91,2,0.110189
106,4,0.335255
132,2,0.243508
134,6,0.762342
78,7,0.356389
109,6,0.458304
78,20,0.966644
95,2,0.110974
87,31,0.996479
83,3,0.157446
91,5,0.289037
82,2,0.087284
130,2,0.193840
83,24,1.171096
74,2,0.086668
96,14,0.848820
87,3,0.210460
86,5,0.257833
145,2,0.302755
95,11,0.720638
280,22,11.649141
80,2,0.089926
78,11,0.472584
92,2,0.109638
69,3,0.108180
120,4,0.364365
81,2,0.100778
97,5,0.315987
47,8,0.249099
73,2,0.083218
78,2,0.078486
91,5,0.335064
83,3,0.153376
56,2,0.072397
83,3,0.168759
142,43,5.045132
72,44,1.799479
99,3,0.182307
89,3,0.171453
83,2,0.099113
81,4,0.193204
130,14,1.386975
150,2,0.269399
202,15,3.372030
37,2,0.050970
209,11,2.513011
34,4,0.154727
73,3,0.143588
92,2,0.144412
107,13,1.000662
78,4,0.197794
169,19,3.196841
147,35,3.582026
84,5,0.258828
150,25,2.940292
90,37,1.893116
136,36,3.909579
93,2,0.126092
135,4,0.488531
155,52,6.216290
77,3,0.132105
220,5,1.710685
81,40,1.920942
103,6,0.374693
69,3,0.129404
75,22,0.983520
79,26,1.202639
88,2,0.102182
79,4,0.182753
295,21,12.030891
82,6,0.289421
108,9,0.655145
94,3,0.188579
81,4,0.176235
88,13,0.612031
59,7,0.251791
81,30,1.598903
68,47,1.789502
99,4,0.242457
63,2,0.080223
69,2,0.090173
71,3,0.127278
201,3,0.635885
93,9,0.543065
71,2,0.080659
106,13,0.902578
82,14,0.659216
179,2,0.409197
80,39,1.454806
73,38,1.588670
63,3,0.110240
324,2,1.650803
63,3,0.125580
133,4,0.460118
220,6,1.663496
137,18,2.174918
131,2,0.227226
60,4,0.153150
144,6,0.735778
59,2,0.070225
227,2,0.612813
282,3,1.696346
60,4,0.159731
168,3,0.484035
61,32,1.216971
72,2,0.085089
67,2,0.112740
89,59,2.905117
74,16,0.677079
149,10,1.290664
184,73,6.194047
398,3,3.651008
57,19,0.610809
81,4,0.174292
77,2,0.090619
76,4,0.165574
92,8,0.463569
78,28,1.360301
92,8,0.417388
79,5,0.217512
84,21,1.011691
84,2,0.148651
128,14,1.463263
51,3,0.106581
139,8,0.925434
354,3,2.949017
181,13,1.255903
85,5,0.268619
181,9,1.545072
59,4,0.136111
58,4,0.141638
104,9,0.600251
101,5,0.314764
90,3,0.154981
256,14,5.644567
71,13,0.515918
86,6,0.386568
61,2,0.077512
62,10,0.404191
234,2,0.726074
304,3,2.038751
98,6,0.398469
176,3,0.585463
91,2,0.127515
69,14,0.547513
84,12,0.575351
90,5,0.316332
112,8,0.668480
73,5,0.243275
113,7,0.514747
94,2,0.118897
74,17,0.806158
125,2,0.166121
88,2,0.133911
63,26,1.071685
115,25,1.895880
83,9,0.419208
68,2,0.083725
146,2,0.249805
119,16,0.798064
75,50,2.104591
87,2,0.125102
155,7,1.018349
74,7,0.293011
122,10,0.848854
47,8,0.268308
119,2,0.208431
98,35,2.164657
219,13,3.741911
84,4,0.215700
80,7,0.331871
134,24,2.156713
106,27,1.913571
145,22,2.736190
88,3,0.176915
70,4,0.161747
93,15,0.862267
83,4,0.205387
80,2,0.101713
83,3,0.138302
59,2,0.071217
86,19,1.176467
35,3,0.093588
174,25,3.341239
95,2,0.128210
192,6,1.056045
81,6,0.293360
92,2,0.098181
86,5,0.273735
143,4,0.489218
154,20,2.523063
120,5,0.394954
84,3,0.135087
29,2,0.052327
100,4,0.242043
75,2,0.080330
84,2,0.143927
90,2,0.131025
90,20,1.015518
111,2,0.159151
149,13,1.080139
145,3,0.409456
183,3,0.536737
81,2,0.103696
78,4,0.177375
39,75,2.121036
127,2,0.211758
84,11,0.548685
56,6,0.201959
76,2,0.083515
194,3,0.596767
162,14,2.301901
68,26,1.077508
61,2,0.072322
83,2,0.100768
85,5,0.262284
154,21,2.774836
56,3,0.100554
95,2,0.112176
86,3,0.170471
206,3,0.783568
67,27,1.036271
105,3,0.216094
237,15,4.585113
75,2,0.089361
128,7,0.599637
289,4,2.259955
79,3,0.151212
77,12,0.566023
74,26,1.103482
68,14,0.553437
90,7,0.369822
81,5,0.244976
85,10,0.463050
190,5,1.143863
139,50,5.693913
75,5,0.221606
128,4,0.427141
155,8,1.117468
20,16,0.417062
352,5,4.599588
76,8,0.441988
92,2,0.131125
75,2,0.087936
177,2,0.397285
170,2,0.365920
139,7,0.773739
76,2,0.090185
80,6,0.270550
156,6,0.844442
75,4,0.164077
119,13,0.932009
95,2,0.129831
72,12,0.507573
82,2,0.110421
108,20,1.386346
121,18,1.576189
64,3,0.112792
115,33,2.592887
92,6,0.351825
187,5,1.076651
83,2,0.103370
75,16,0.674870
91,2,0.110390
167,18,2.624267
131,18,1.485939
77,8,0.378102
92,2,0.127294
120,4,0.355811
67,5,0.195764
70,28,1.122001
68,2,0.128908
125,3,0.313509
75,3,0.166994
93,2,0.120753
82,8,0.420755
110,6,0.455200
102,2,0.117689
65,4,0.138394
194,5,1.104772
293,17,9.459430
87,58,2.840868
87,9,0.416755
63,7,0.247887
147,3,0.377862
146,26,2.815318
100,7,0.546432
133,4,0.462848
55,2,0.079937
80,2,0.111846
81,23,1.176023
99,15,0.862526
37,2,0.052958
111,42,2.807873
81,12,0.523527
114,15,1.261028
55,4,0.132457
94,3,0.203534
68,2,0.082533
100,3,0.206208
98,31,2.059528
160,4,0.694737
59,2,0.089533
84,20,1.059367
249,8,2.788613
97,3,0.182842
99,5,0.341390
76,4,0.179109
58,5,0.155162
114,19,1.447077
295,3,1.769412
73,2,0.085941
105,4,0.226911
75,2,0.079416
98,5,0.309930
312,3,2.047938
48,59,1.945918
110,16,1.347060
37,2,0.055656
98,2,0.120607
340,65,51.281348
100,3,0.168553
103,3,0.182781
79,8,0.284544
75,24,0.909356
100,2,0.125430
76,4,0.146112
197,27,4.717518
99,2,0.099812
77,16,0.503499
70,2,0.056629
104,3,0.297696
84,3,0.171914
212,2,0.642507
85,18,1.021983
86,2,0.114269
111,5,0.370028
71,2,0.086685
76,3,0.145075
94,21,1.324688
73,19,0.823591
99,3,0.179848
82,3,0.136566
205,2,0.508280
113,24,1.400714
74,8,0.312732
91,2,0.150858
100,17,1.269412
189,5,1.174960
71,11,0.469997
78,2,0.083276
89,7,0.374130
75,7,0.295404
121,4,0.369140
80,3,0.151707
151,25,3.198353
78,2,0.095190
159,42,5.695408
86,2,0.111685
71,46,1.614259
60,31,1.052365
117,4,0.384323
85,8,0.468868
207,4,1.117370
165,14,2.301212
119,4,0.377664
65,4,0.154688
132,5,0.509948
63,2,0.077718
118,4,0.366145
92,2,0.115440
92,5,0.300510
178,6,1.097492
83,2,0.090964
44,10,0.286214
73,11,0.513277
113,5,0.394276
52,21,0.744609
95,18,1.086781
231,3,1.093271
357,16,13.789695
75,2,0.101039
75,20,0.831507
160,3,0.418781
84,6,0.288316
106,4,0.275625
110,16,1.154814
70,8,0.285054
56,2,0.060727
213,2,0.566733
74,26,1.086365
85,2,0.141881
139,26,2.850902
27,2,0.049180
51,2,0.058489
106,9,0.604674
59,2,0.069720
88,18,1.029965
59,2,0.067090
92,18,1.006259
91,19,1.086760
79,2,0.103135
193,37,7.808572
74,2,0.083003
83,2,0.100614
66,6,0.223525
83,4,0.259156
79,2,0.105679
70,15,0.583846
253,3,1.166525
71,17,0.682239
88,41,2.045964
140,29,3.289412
103,28,1.957331
103,4,0.275160
63,2,0.074804
131,2,0.214252
104,2,0.147669
162,7,1.067365
82,2,0.090413
59,5,0.168749
64,49,2.042796
86,2,0.116219
123,16,1.500423
125,3,0.311269
37,2,0.048458
56,2,0.081530
110,4,0.311424
151,3,0.425565
63,10,0.372114
212,3,0.837447
84,2,0.119047
87,2,0.100713
201,13,2.361467
140,3,0.325254
138,20,2.249538
82,46,2.384427
82,4,0.186186
83,3,0.161589
144,11,1.280140
80,5,0.252187
126,25,2.291979
58,4,0.158383
44,56,1.647202
79,6,0.215907
111,3,0.208401
120,20,1.759121
351,2,1.843604
97,5,0.275681
97,3,0.218442
75,3,0.135116
82,6,0.350047
59,12,0.491823
64,4,0.179326
74,2,0.114530
88,2,0.118323
180,2,0.389279
198,5,1.141925
57,3,0.110417
54,4,0.120934
258,6,2.838576
58,3,0.113460
107,4,0.281659
211,21,4.247337
130,12,1.005383
105,2,0.143676
93,18,1.120193
194,12,2.245598
90,2,0.105886
83,10,0.468126
58,2,0.077931
105,8,0.441070
81,5,0.221681
78,28,1.187272
67,2,0.081732
93,29,1.516035
85,2,0.104843
75,2,0.081239
68,4,0.157954
86,12,0.461960
114,24,1.663931
131,3,0.376584
122,2,0.194075
85,2,0.109641
47,6,0.203810
79,25,1.237795
61,2,0.068996
79,6,0.286021
106,3,0.221099
54,4,0.120528
68,7,0.296184
95,2,0.124298
85,2,0.118184
166,3,0.447764
128,2,0.172328
113,2,0.153524
82,2,0.137128
250,22,6.347001
53,2,0.065794
152,38,2.103472
143,4,0.409621
52,5,0.151545
113,8,0.622370
93,4,0.216111
63,33,1.118531
112,5,0.361384
75,4,0.159763
141,20,2.297521
49,7,0.187748
118,5,0.443913
220,26,4.446135
104,10,0.729952
108,32,2.239332
83,2,0.099063
101,11,0.712238
134,4,0.415854
49,3,0.080934
89,4,0.217042
106,2,0.146390
99,5,0.349596
121,2,0.186393
84,3,0.166822
150,2,0.267037
141,2,0.234596
99,4,0.243090
114,3,0.257205
102,2,0.164175
167,5,0.768213
138,33,3.220169
61,2,0.072199
104,4,0.250197
64,5,0.190022
94,3,0.180345
109,7,0.539568
99,10,0.594662
99,13,0.783592
159,6,0.902664
67,2,0.082850
88,4,0.205363
147,2,0.268557
85,3,0.159368
122,15,1.183463
71,14,0.669150
89,4,0.244957
151,4,0.631975
110,33,1.934438
148,7,1.005095
80,77,3.176005
64,2,0.073035
85,61,2.830061
78,4,0.193497
88,9,0.506038
61,2,0.072855
255,4,1.841719
104,2,0.156455
137,21,2.273856
107,4,0.341039
98,16,0.916116
213,11,2.271127
78,2,0.088591
122,12,0.987770
77,7,0.303125
66,5,0.191666
96,2,0.132084
109,2,0.164269
100,20,1.316634
53,4,0.135128
120,8,0.676403
124,19,1.686784
86,60,2.769892
48,4,0.127123
77,2,0.139206
84,5,0.276007
98,2,0.152230
84,2,0.128136
82,14,0.764465
78,2,0.098704
79,27,1.194397
87,2,0.107375
96,8,0.496928
62,5,0.167922
396,25,26.187480
105,86,4.757488
82,2,0.092334
95,12,0.746277
78,2,0.088085
66,4,0.207273
96,15,0.992678
117,26,2.291547
127,82,6.417983
97,16,0.903779
152,21,2.777456
78,3,0.153231
75,3,0.128713
133,3,0.287004
65,2,0.090255
85,3,0.148990
104,15,0.889105
139,28,3.174911
112,11,0.822423
107,13,0.941976
173,2,0.410229
73,26,1.238504
152,14,1.728423
67,3,0.125948
30,3,0.091823
60,2,0.072950
107,3,0.217870
84,18,0.959770
137,21,2.427738
78,4,0.171820
30,4,0.114015
77,2,0.110058
58,3,0.105993
73,2,0.080354
74,2,0.099790
76,2,0.132097
37,2,0.081031
287,3,1.812165
92,4,0.236927
149,13,1.043490
109,5,0.357811
78,3,0.151342
212,24,5.197331
84,2,0.101365
66,35,1.002141
72,11,0.458116
71,4,0.166265
224,17,5.141240
78,3,0.125667
98,18,1.112369
75,2,0.123011
57,2,0.081523
80,11,0.566712
86,26,1.339115
100,16,0.986727
69,17,0.650695
135,71,6.559174
151,16,1.886348
92,2,0.104562
63,8,0.299251
124,24,1.860926
77,4,0.202935
111,4,0.282062
94,2,0.122272
82,2,0.097784
142,16,1.859865
121,16,1.319664
92,17,0.858486
47,9,0.272815
97,2,0.131011
120,13,1.040057
65,4,0.151186
111,2,0.156779
83,33,1.481331
83,3,0.150899
81,2,0.094095
138,31,3.439373
148,6,0.626016
211,31,7.234716
68,2,0.077025
64,2,0.103248
115,4,0.383095
85,6,0.316262
135,21,2.334452
197,39,4.054863
80,13,0.645443
116,3,0.264089
123,2,0.204173
79,2,0.091908
133,20,1.841638
397,3,3.778949
75,4,0.164913
78,12,0.556191
97,11,0.683459
72,10,0.396129
135,29,3.363277
123,3,0.268943
117,17,1.159410
86,5,0.265808
106,3,0.210226
98,10,0.575927
118,2,0.195064
87,3,0.172116
66,5,0.201581
88,6,0.309089
104,3,0.211574
81,2,0.109961
151,2,0.283835
110,6,0.444182
90,4,0.260310
56,3,0.145870
71,3,0.135244
49,80,2.667540
466,3,4.929198
64,28,0.922268
88,3,0.176589
61,8,0.277653
102,4,0.261202
84,10,0.480086
84,3,0.174354
81,12,0.584325
55,4,0.134387
146,13,1.677294
221,3,0.919427
67,26,1.043231
104,3,0.224283
60,25,0.950929
92,32,1.724302
179,2,0.373627
91,33,1.835606
65,4,0.150598
90,26,1.256789
65,5,0.163058
37,2,0.051480
70,29,1.186932
37,5,0.117362
72,2,0.093003
71,2,0.085939
104,4,0.290920
90,3,0.160940
211,21,5.450884
107,18,1.227664
122,4,0.306035
212,2,0.592657
89,2,0.104534
143,2,0.271230
81,2,0.097400
218,21,6.052618
89,34,1.624261
62,6,0.198401
82,2,0.092948
68,6,0.224172
73,2,0.073141
108,5,0.359878
80,2,0.088034
91,18,1.044270
122,12,0.920601
56,2,0.062690
102,4,0.262923
223,2,0.592817
151,11,1.558644
265,3,1.477719
70,2,0.085305
99,10,0.667322
120,10,0.899600
22,2,0.049605
259,44,12.250962
72,2,0.087194
106,36,2.154247
205,24,6.189786
56,5,0.223685
96,5,0.333152
61,2,0.077774
97,4,0.247359
96,57,3.336779
71,5,0.212996
124,3,0.285099
85,56,2.882342
163,16,1.764581
307,91,54.822705
87,2,0.056338
134,2,0.153795
64,54,1.038767
394,7,5.569630
108,3,0.128482
66,2,0.107945
99,26,1.742383
25,2,0.068642
65,22,0.816156
131,60,5.502421
105,7,0.511683
120,5,0.376176
339,3,2.682063
132,3,0.321088
107,5,0.362036
274,72,12.147854
140,3,0.333152
137,2,0.219523
74,2,0.081328
73,13,0.553487
82,2,0.117742
115,15,1.060364
78,2,0.117252
77,23,1.068021
75,4,0.186261
62,7,0.266430
104,7,0.403122
73,20,0.863294
61,2,0.069664
132,2,0.204140
82,13,0.652369
118,2,0.182353
89,5,0.287029
124,4,0.317826
180,53,8.289536
151,6,0.842261
180,2,0.364546
187,10,1.856809
109,2,0.119660
73,6,0.225107
134,21,2.315228
112,4,0.335575
92,7,0.443966
62,2,0.071458
57,4,0.129370
55,6,0.202050
153,2,0.294090
141,18,1.943002
107,4,0.253202
115,4,0.344883
98,4,0.276052
73,3,0.137059
76,12,0.634334
72,33,1.368474
116,23,1.360969
174,6,1.111078
134,11,1.102669
29,3,0.084744
144,29,3.285552
130,5,0.441944
129,4,0.443252
83,2,0.098397
236,20,7.132481
258,57,20.382489
195,5,1.218052
57,4,0.180759
81,4,0.191851
148,8,0.902725
72,2,0.093927
75,2,0.099058
88,10,0.538049
194,21,4.347853
157,8,1.149398
138,25,2.678181
89,2,0.103187
81,3,0.133518
75,2,0.098342
75,4,0.173924
139,7,0.891485
84,2,0.094027
91,9,0.598206
436,3,4.675557
71,5,0.217699
75,2,0.088082
97,10,0.644621
152,69,7.917005
78,2,0.089272
145,26,2.882846
79,2,0.094086
80,66,3.048995
56,20,0.662578
223,21,5.826747
74,3,0.133556
146,8,0.853204
223,2,0.477593
125,27,2.349593
97,8,0.449670
70,4,0.170855
62,8,0.292496
133,5,0.550093
45,9,0.283554
105,4,0.279857
118,19,1.492959
58,3,0.100706
48,32,0.972221
96,2,0.128718
86,2,0.099419
125,16,1.334914
148,4,0.520437
115,3,0.196561
141,57,5.355754
149,5,0.579932
196,4,0.930733
58,2,0.068503
99,18,0.968042
33,4,0.116207
86,3,0.166507
57,2,0.064790
84,2,0.098511
91,2,0.123188
46,2,0.059564
77,19,0.742042
124,2,0.188104
224,56,15.050199
59,3,0.112220
106,7,0.418210
71,2,0.081976
280,3,1.399766
79,20,0.884875
124,2,0.180500
95,2,0.105007
204,5,1.270082
80,5,0.251364
152,5,0.684402
175,5,0.937030
85,2,0.111109
120,2,0.170478
207,19,4.787911
132,4,0.411077
360,7,4.807123
218,18,3.653117
87,20,0.974531
139,43,4.245541
92,14,0.645706
151,13,1.598942
96,2,0.114350
94,9,0.520108
142,6,0.686284
101,4,0.265192
76,2,0.089855
95,3,0.184318
81,9,0.471578
52,16,0.494170
74,2,0.073799
107,2,0.130122
44,5,0.148766
206,5,1.192189
68,8,0.297276
80,2,0.086633
112,18,1.470623
94,2,0.123395
87,15,0.773639
331,7,4.590969
68,3,0.106337
330,17,12.141836
55,4,0.119218
105,6,0.375092
77,11,0.439674
73,2,0.092788
59,3,0.105122
131,2,0.172078
70,37,1.321048
82,12,0.587614
95,13,0.651164
119,6,0.461313
77,3,0.130388
131,3,0.335231
100,2,0.134968
111,5,0.349022
157,16,2.168694
31,3,0.075830
155,12,1.250817
208,4,0.997142
76,6,0.266661
136,14,1.556259
147,18,2.058450
320,17,12.446072
83,2,0.089444
73,4,0.163220
77,2,0.097071
68,3,0.130669
95,3,0.196532
37,6,0.153918
91,13,0.733913
87,3,0.151411
127,25,2.070203
53,2,0.070748
103,4,0.236778
113,13,0.998742
72,2,0.078710
278,3,1.418434
76,7,0.304539
57,5,0.183120
63,2,0.072839
96,2,0.117929
95,2,0.125619
93,3,0.161243
93,12,0.719051
65,2,0.063873
99,30,1.937141
227,7,2.184582
79,7,0.311427
99,16,0.935845
25,3,0.074027
49,10,0.282035
91,6,0.339378
89,2,0.128263
68,12,0.473521
58,2,0.089742
93,28,1.585077
72,17,0.640148
123,52,2.485411
198,5,1.279997
108,9,0.663145
140,3,0.290405
64,3,0.106395
76,3,0.134331
210,24,5.344850
114,14,1.016077
75,10,0.407433
119,32,2.582268
146,4,0.531171
122,7,0.572979
200,3,0.751232
79,3,0.131494
129,7,0.727971
95,9,0.491098
69,2,0.092922
65,6,0.233279
60,3,0.105935
85,9,0.422134
97,19,1.074067
254,3,1.134712
126,21,1.976486
314,20,12.062114
93,5,0.255908
64,2,0.069808
90,22,1.139972
104,15,0.869060
61,2,0.077219
115,7,0.610177
76,4,0.176505
83,11,0.530949
91,2,0.117188
141,2,0.242200
102,40,2.642852
87,7,0.263311
118,3,0.255170
78,2,0.089662
108,5,0.326518
98,35,2.052578
154,2,0.320369
115,13,0.820357
147,7,0.876340
86,2,0.130132
84,2,0.110439
116,2,0.159736
83,2,0.103771
143,17,2.049899
75,2,0.097347
138,5,0.521434
95,6,0.321468
105,9,0.595708
125,5,0.461265
66,2,0.071072
79,13,0.556331
54,7,0.228582
96,4,0.268183
83,2,0.111039
83,2,0.104894
75,5,0.209663
288,6,2.680300
63,2,0.066653
97,23,1.328868
49,4,0.117351
135,2,0.211640
95,2,0.112582
76,2,0.088411
92,11,0.509315
110,19,1.021451
102,7,0.487816
69,3,0.130951
171,17,2.446136
283,3,1.556692
86,15,0.765911
174,2,0.345274
114,2,0.153767
80,2,0.086117
99,2,0.113305
198,9,1.981237
141,5,0.534508
239,24,7.902403
157,14,1.593609
128,2,0.172902
68,2,0.074279
59,2,0.067881
59,2,0.066675
108,15,1.102219
110,4,0.266506
79,15,0.624195
194,8,1.753699
111,2,0.149636
104,5,0.331673
100,4,0.261582
73,2,0.100061
145,9,1.019756
45,19,0.521406
65,2,0.072301
81,12,0.543520
91,6,0.346175
96,3,0.165801
61,2,0.066480
179,3,0.436047
59,3,0.109187
84,2,0.112972
145,23,2.429614
133,5,0.520848
470,8,13.520571
134,3,0.316640
100,5,0.310853
91,7,0.356793
114,3,0.242565
98,18,0.946168
76,5,0.227117
62,7,0.240110
138,5,0.567337
37,6,0.162308
158,3,0.434338
209,9,2.270016
88,4,0.212903
85,3,0.162554
87,17,0.890725
66,4,0.166717
88,2,0.097928
71,4,0.157071
93,18,0.900371
42,10,0.286275
233,29,9.113213
144,2,0.239717
81,2,0.094372
172,100,16.693351
81,2,0.088811
64,2,0.076665
68,5,0.192911
68,10,0.383331
96,5,0.299210
66,2,0.080606
300,17,10.219239
85,2,0.103362
87,3,0.172640
68,2,0.076044
103,6,0.370837
81,4,0.192875
117,2,0.170800
132,5,0.474451
37,5,0.129982
141,33,3.605038
83,17,0.855932
76,2,0.082056
109,11,0.596826
68,2,0.077301
82,2,0.089570
94,21,1.124234
71,8,0.323147
94,3,0.173561
70,2,0.087159
119,9,0.772800
176,2,0.337177
103,2,0.123775
132,5,0.491618
88,5,0.292208
117,18,1.377433
71,18,0.712212
60,2,0.063584
54,2,0.072596
80,2,0.095053
94,2,0.115794
84,6,0.264386
74,3,0.118471
44,65,1.869548
87,13,0.714548
102,7,0.415152
90,5,0.236244
74,2,0.085523
74,8,0.332880
83,2,0.111452
314,4,2.578284
128,3,0.271785
54,21,0.640029
99,11,0.661035
121,3,0.268649
100,8,0.496474
58,11,0.331739
180,29,5.097544
184,30,5.064855
105,9,0.582462
37,13,0.356204
94,6,0.329452
57,3,0.091650
68,6,0.228436
152,78,10.140511
155,22,2.825067
149,3,0.399537
91,21,1.031021
215,18,4.724504
80,22,0.976390
136,11,1.186318
181,15,2.952331
85,29,1.321043
76,2,0.098436
102,10,0.674105
88,2,0.099975
56,5,0.152844
91,18,0.984327
316,2,1.462476
125,7,0.437640
129,18,1.784952
142,21,2.315260
228,5,1.681206
105,10,0.652728
73,7,0.276887
106,2,0.130422
96,8,0.422507
139,22,2.535745
123,3,0.267238
55,26,0.831581
59,3,0.105843
252,6,2.529881
76,2,0.092162
83,15,0.720217
99,5,0.328945
198,2,0.480947
189,6,1.325120
72,7,0.313471
480,3,6.027476
200,10,2.135979
117,34,2.282477
108,5,0.365437
87,2,0.105975
130,4,0.371241
108,2,0.124021
103,2,0.132943
110,8,0.573872
133,29,2.770951
67,5,0.176929
138,5,0.594666
68,2,0.072519
137,3,0.337718
163,6,1.019562
72,2,0.079975
37,3,0.076968
58,2,0.076541
137,23,2.316347
199,4,0.846388
92,2,0.119678
97,5,0.309972
165,5,0.586892
98,8,0.521667
25,5,0.137469
107,8,0.521329
80,7,0.293598
94,2,0.113054
55,2,0.068297
142,22,2.471886
105,2,0.139413
192,10,2.197001
121,3,0.250851
75,2,0.084129
144,2,0.254939
106,2,0.146910
364,42,8.541678
80,20,0.960739
64,4,0.141765
71,12,0.455698
80,14,0.662973
68,2,0.077057
111,30,2.102135
85,16,0.759290
61,2,0.070387
125,9,0.674531
112,2,0.142131
94,7,0.391699
82,3,0.133528
444,6,8.361274
211,2,0.572795
96,6,0.378132
78,2,0.095558
105,47,3.158929
103,16,0.996768
223,29,8.452478
279,29,10.677164
78,4,0.187091
195,13,2.768984
171,29,4.706261
62,2,0.073627
171,4,0.755697
304,23,14.491174
216,20,5.529518
98,3,0.186925
167,5,0.759591
269,10,4.809870
108,38,1.427059
154,92,4.011149
73,18,0.505517
68,2,0.046355
74,2,0.081970
354,4,3.695935
124,7,0.617929
61,2,0.066150
118,2,0.173842
62,12,0.441110
61,4,0.133354
117,9,0.633591
56,2,0.066048
75,2,0.095675
35,5,0.124535
426,3,4.138635
145,6,0.800108
81,7,0.331947
80,3,0.151841
72,2,0.084288
78,2,0.087801
87,4,0.188484
104,12,0.746036
108,24,1.637751
65,3,0.125187
115,79,4.969636
118,2,0.183082
99,2,0.105254
117,2,0.143300
81,2,0.083260
397,6,5.444009
83,3,0.159205
85,14,0.613303
54,2,0.063017
89,2,0.106726
71,2,0.074622
361,38,32.398921
107,5,0.390946
88,2,0.093584
86,5,0.259851
178,26,3.335588
195,4,0.926985
83,3,0.146830
82,14,0.513298
65,94,2.744452
105,29,1.713480
100,4,0.207708
59,13,0.352109
59,21,0.626375
135,2,0.196253
248,12,3.335265
71,2,0.076681
78,6,0.276342
149,2,0.248368
110,9,0.616617
81,25,1.043714
138,3,0.342253
99,3,0.161853
40,2,0.050252
105,43,2.205449
73,47,1.889503
154,7,0.892715
70,5,0.197918
85,17,0.835345
69,20,0.826717
37,2,0.062787
129,21,1.914609
92,2,0.118931
85,6,0.265090
160,3,0.415707
100,23,1.423695
66,43,1.555867
74,4,0.173667
103,2,0.155463
112,3,0.195937
70,28,1.072372
59,5,0.174094
151,7,0.968587
63,5,0.197794
68,2,0.081659
49,2,0.053959
77,19,0.788232
90,14,0.757165
231,15,5.025151
165,16,2.009529
79,2,0.082762
80,2,0.100713
153,3,0.449000
108,7,0.487098
71,21,0.857612
67,2,0.084536
84,2,0.100778
80,10,0.409356
87,5,0.258380
133,26,2.376503
282,5,3.018737
137,29,3.187051
89,8,0.456945
225,66,17.468101
212,3,0.777881
116,14,1.103586
77,2,0.092381
29,3,0.072996
75,4,0.173245
68,17,0.640888
52,2,0.062827
93,19,1.152972
132,25,2.737709
118,12,0.903055
65,2,0.069827
182,3,0.529000
96,2,0.123671
76,3,0.120933
92,3,0.157792
89,2,0.113505
130,3,0.293960
75,5,0.231361
114,39,2.530848
115,3,0.232623
90,2,0.116656
116,20,1.028846
161,30,4.295328
73,4,0.154240
92,16,0.820635
70,2,0.080710
87,3,0.151590
202,8,1.692287
37,2,0.051449
67,2,0.071806
156,23,3.123008
122,2,0.169279
80,2,0.090055
30,20,0.511950
37,7,0.175516
82,2,0.103451
118,4,0.305494
77,6,0.274102
215,2,0.616519
76,2,0.096812
73,2,0.082705
190,3,0.572661
84,2,0.095814
79,2,0.086271
58,2,0.068270
68,3,0.116173
61,8,0.261554
143,26,3.140090
100,4,0.261561
114,15,1.132360
72,5,0.196297
86,17,0.906339
190,3,0.605026
72,2,0.091179
58,12,0.373877
133,2,0.202931
81,3,0.139791
191,4,0.825849
225,4,1.460906
57,8,0.269204
85,2,0.105002
125,8,0.636852
69,20,0.789716
45,7,0.199646
62,14,0.452852
32,29,0.749559
102,3,0.198928
72,9,0.339997
90,4,0.197242
111,41,2.950512
53,2,0.053739
111,35,2.572299
37,3,0.083649
150,13,1.662949
63,2,0.072053
65,3,0.108723
52,19,0.560613
126,2,0.205081
78,24,1.085523
480,3,5.183618
154,4,0.532405
86,10,0.502253
102,4,0.273684
95,56,2.682944
98,3,0.178959
46,4,0.104261
95,6,0.361043
66,2,0.070063
204,5,1.248793
93,2,0.125403
24,3,0.066902
97,2,0.125048
109,2,0.134564
105,5,0.321353
34,4,0.098167
72,2,0.078646
209,8,2.070462
93,3,0.177000
107,5,0.268480
128,2,0.169512
123,27,2.376144
190,2,0.425656
235,15,3.458762
65,5,0.165358
87,2,0.105114
231,15,3.949998
95,3,0.176611
123,2,0.202783
495,6,14.013543
63,2,0.071176
69,7,0.246297
92,7,0.382425
79,15,0.757900
117,5,0.405201
71,2,0.084566
123,7,0.534309
81,5,0.225371
441,3,4.450613
51,52,1.583866
82,6,0.301245
56,2,0.069677
29,3,0.075078
96,3,0.174935
96,7,0.377405
75,8,0.318082
68,13,0.503905
101,22,1.440129
96,2,0.108491
87,2,0.107173
80,16,0.790452
140,5,0.566054
161,4,0.615008
97,5,0.320911
173,4,0.531504
85,4,0.193821
78,2,0.090478
61,7,0.228873
89,2,0.108602
121,10,0.728430
169,7,1.156350
78,2,0.101982
54,89,2.703265
96,4,0.243321
91,5,0.279603
110,11,0.675943
187,5,1.144850
370,2,2.084970
80,2,0.111722
110,4,0.281938
221,28,8.082126
61,10,0.348883
416,9,10.557586
86,4,0.211596
123,3,0.288768
68,2,0.083062
72,2,0.086217
171,4,0.682688
80,10,0.465481
61,11,0.359936
77,4,0.170663
88,29,1.540099
264,4,2.068592
55,3,0.100812
122,2,0.181997
170,6,0.809099
122,3,0.243328
132,8,0.767155
60,5,0.161334
94,6,0.349883
119,9,0.736410
54,52,1.722661
150,5,0.524712
127,2,0.198806
106,48,2.942344
21,4,0.087799
87,11,0.535817
140,20,2.026830
88,12,0.633687
120,8,0.708646
88,9,0.493173
88,4,0.179312
92,30,1.418606
81,2,0.101240
82,4,0.193706
102,24,1.456304
131,7,0.765811
83,2,0.089345
196,2,0.512895
81,3,0.151225
103,54,2.827256
90,29,1.363810
180,10,1.973639
65,4,0.152176
266,2,0.895977
61,2,0.067930
87,15,0.744736
73,3,0.106612
357,23,18.329721
85,6,0.314507
63,8,0.295305
84,13,0.675110
77,2,0.088679
189,21,4.732400
69,10,0.359463
93,9,0.504896
256,4,1.545959
68,2,0.075947
89,2,0.112766
91,2,0.125686
70,4,0.165177
98,15,0.930815
132,17,1.804754
171,4,0.690964
100,8,0.422477
78,6,0.278361
88,2,0.114889
100,2,0.134801
124,3,0.295953
84,2,0.092865
133,6,0.475708
93,2,0.111187
65,21,0.653712
91,2,0.118947
58,5,0.176850
180,14,2.606419
124,4,0.350830
182,4,0.748822
141,6,0.766694
135,22,2.378238
118,6,0.388379
84,4,0.188518
128,2,0.225850
117,2,0.138426
80,3,0.132086
177,19,3.764787
52,53,1.586829
100,2,0.115654
139,15,1.542892
173,3,0.513703
97,6,0.338281
96,6,0.323578
66,4,0.138503
300,17,10.882489
89,4,0.227526
86,12,0.578724
33,25,0.641822
70,6,0.217350
105,2,0.127073
234,2,0.657072
264,3,1.339998
99,3,0.193268
103,5,0.321943
166,10,1.696898
90,6,0.296536
78,2,0.084858
135,76,6.625870
196,5,0.857817
94,3,0.165452
98,5,0.317555
102,10,0.663465
99,2,0.134208
76,2,0.090369
279,9,4.419279
295,11,5.646329
91,9,0.456049
124,10,0.818419
88,2,0.111793
145,15,1.763673
59,3,0.097790
238,4,1.399156
183,5,0.904406
66,8,0.301211
96,12,0.719374
281,25,12.575156
99,3,0.191190
79,4,0.178910
80,2,0.087214
94,2,0.115137
136,40,4.297884
79,59,2.625529
102,17,0.889542
85,4,0.208664
131,10,0.763051
120,5,0.417320
68,3,0.120458
255,4,1.674787
125,3,0.254493
85,22,0.961208
88,12,0.608667
161,7,0.984339
46,46,1.349184
89,2,0.109498
144,6,0.635123
157,6,0.816559
119,39,2.978666
72,4,0.160836
80,34,1.493282
222,2,0.684216
113,2,0.162831
105,32,2.184079
121,4,0.383090
94,5,0.271319
94,3,0.187616
164,2,0.365716
59,24,0.830162
91,4,0.226447
105,16,1.018507
113,3,0.240726
92,6,0.350692
98,19,1.050072
90,2,0.112102
138,5,0.618337
138,10,1.125526
127,2,0.203982
79,7,0.317838
139,11,0.958912
86,2,0.099322
69,5,0.193864
118,17,1.459993
161,5,0.543305
44,10,0.285995
66,3,0.117447
124,3,0.257068
174,2,0.354370
66,4,0.142897
262,6,2.480658
84,6,0.252804
131,74,4.147333
74,11,0.448462
53,2,0.063058
116,5,0.378279
151,3,0.392461
164,11,1.537404
148,2,0.250632
77,4,0.164145
103,6,0.425688
335,10,7.232526
211,18,4.562956
76,2,0.093838
116,14,0.987667
61,2,0.063657
65,6,0.217075
103,5,0.354645
101,7,0.456838
97,3,0.193835
69,12,0.428196
208,5,1.176769
152,13,1.428401
53,9,0.274787
112,10,0.753394
73,2,0.081403
95,7,0.391325
128,2,0.217937
187,3,0.639987
70,3,0.118597
95,2,0.130676
99,11,0.663561
115,12,0.814264
59,2,0.066954
54,72,2.013520
331,21,16.262184
137,28,2.887989
142,2,0.262383
58,2,0.069230
65,2,0.087532
212,7,1.897866
67,6,0.219335
37,2,0.054718
218,14,3.537105
98,6,0.327283
87,4,0.204466
86,9,0.492375
72,18,0.691763
133,22,1.994020
164,2,0.364790
82,3,0.138781
116,3,0.259528
110,2,0.149585
101,5,0.299242
197,11,2.477070
97,12,0.814935
150,5,0.641738
167,3,0.509901
137,25,2.496437
109,18,1.232167
94,3,0.177987
130,40,3.302286
108,2,0.124525
98,4,0.234275
62,2,0.086613
83,6,0.322171
112,18,1.298559
95,13,0.741328
73,3,0.138621
152,24,2.794255
118,15,1.314342
135,3,0.318262
71,10,0.435372
67,2,0.070020
76,2,0.092059
60,2,0.061824
21,4,0.097751
75,13,0.557069
172,2,0.334206
120,4,0.316514
272,6,2.703770
132,5,0.510960
77,24,1.009147
85,4,0.222127
146,2,0.249949
75,19,0.728926
38,9,0.232620
66,3,0.102455
90,6,0.345276
84,87,3.782790
141,8,0.793314
197,28,5.824933
38,2,0.049637
124,5,0.490809
81,7,0.328453
141,4,0.406689
226,2,0.533989
85,3,0.163836
84,13,0.657963
86,22,1.122157
63,2,0.084399
76,16,0.707705
68,2,0.083601
96,4,0.259851
101,6,0.461024
150,3,0.411648
214,91,13.934510
69,7,0.248540
30,7,0.177692
73,11,0.467957
141,16,1.815427
99,48,2.575019
154,19,2.551646
98,5,0.277935
104,2,0.145143
236,4,1.286778
143,2,0.271275
89,2,0.112684
267,9,4.096988
213,5,1.247360
71,2,0.071748
144,9,0.769150
85,4,0.191123
86,2,0.109119
131,13,0.933464
66,52,1.894640
68,2,0.073008
153,17,2.246575
78,2,0.096776
80,2,0.087858
149,4,0.481092
89,2,0.102403
58,2,0.065252
308,2,1.358462
212,6,1.511621
77,2,0.077520
53,2,0.057281
148,4,0.479689
150,26,3.608510
89,5,0.241475
110,5,0.390190
58,6,0.206461
86,28,1.417324
237,8,2.561388
147,3,0.365454
77,11,0.460383
86,2,0.104236
86,2,0.107172
92,3,0.163985
111,6,0.442817
100,2,0.134071
143,25,1.754895
78,36,1.567831
77,2,0.089876
89,3,0.184711
181,4,0.748058
55,5,0.146025
60,3,0.108149
57,2,0.068469
60,12,0.383859
62,5,0.168154
127,3,0.300486
111,6,0.430061
123,16,1.392224
140,11,1.226163
64,17,0.616492
88,19,1.009122
72,7,0.284825
165,3,0.512580
159,3,0.450527
53,2,0.057686
99,35,2.048126
84,11,0.496069
132,26,2.677724
142,22,2.616079
58,2,0.058221
74,8,0.353046
37,2,0.053321
70,2,0.080141
60,3,0.102021
78,77,3.332548
73,5,0.224533
268,12,4.186185
158,4,0.497596
78,20,0.934757
474,4,7.511374
80,6,0.280116
114,13,0.973944
96,2,0.132083
84,5,0.245786
136,2,0.222044
102,4,0.273057
69,25,1.007003
89,2,0.121550
75,20,0.855551
76,2,0.094246
77,2,0.092324
96,16,1.022507
69,6,0.212784
78,2,0.094516
79,6,0.276352
71,2,0.084566
160,27,2.407902
91,3,0.176666
73,2,0.077774
60,4,0.138169
140,14,1.532138
160,2,0.329445
105,34,2.389864
84,27,1.352841
205,3,0.781307
82,4,0.196588
165,9,0.773561
92,3,0.191858
85,3,0.161150
110,6,0.453053
105,29,1.749634
57,87,2.800213
37,2,0.044780
234,64,14.770190
90,2,0.101029
226,28,6.878399
130,7,0.666690
76,2,0.091872
97,20,1.059983
71,2,0.079008
70,12,0.522503
89,48,2.048135
119,11,0.843302
85,2,0.101484
61,6,0.185742
75,2,0.088448
57,14,0.434366
114,5,0.404792
81,17,0.699283
87,2,0.111109
73,6,0.251329
63,2,0.062874
24,19,0.515034
93,2,0.117204
87,11,0.615327
233,26,7.504968
103,7,0.463858
98,3,0.190669
68,3,0.117883
154,3,0.403265
63,8,0.287186
67,20,0.765022
187,2,0.424132
118,3,0.225295
62,8,0.279333
124,76,6.820974
69,3,0.121108
119,3,0.276026
315,8,5.603005
122,21,1.782725
102,10,0.607721
79,2,0.106878
76,3,0.125842
68,2,0.080133
47,10,0.301198
94,3,0.168557
275,86,26.968136
91,3,0.159184
83,2,0.085636
104,6,0.375581
98,9,0.455232
58,2,0.057805
83,52,1.962269
87,2,0.084890
91,26,1.444753
105,17,1.236598
69,6,0.239872
97,5,0.296636
153,24,2.832819
63,6,0.219304
82,5,0.214318
106,5,0.380262
89,2,0.103901
84,2,0.101285
88,15,0.754389
116,3,0.226589
417,3,4.056148
144,2,0.281235
99,17,1.110570
70,2,0.080285
78,9,0.405695
63,5,0.182376
128,2,0.182263
53,8,0.244732
36,5,0.131093
101,7,0.413760
81,17,0.722726
60,3,0.091438
311,3,2.081866
80,2,0.094888
89,4,0.202780
78,2,0.099430
180,19,3.619434
96,23,1.336180
100,4,0.291088
127,2,0.196776
85,2,0.105820
51,2,0.065794
386,16,10.756688
88,3,0.148100
78,2,0.094854
87,5,0.265891
141,3,0.343737
75,2,0.078780
86,2,0.096827
196,6,1.450794
103,2,0.125619
190,7,1.218908
98,2,0.117114
143,3,0.383082
80,18,0.829541
117,4,0.359019
336,3,2.562604
95,7,0.389168
102,2,0.134672
81,5,0.231797
99,2,0.122217
113,14,0.878317
37,2,0.062135
206,11,2.740255
329,2,1.199274
66,3,0.120326
133,6,0.658736
82,2,0.102650
91,4,0.210919
111,4,0.301453
80,3,0.144614
65,2,0.081476
81,2,0.091132
83,4,0.189379
118,2,0.170381
213,27,7.270691
101,8,0.419015
145,2,0.270287
87,4,0.188179
134,4,0.416245
88,7,0.396550
150,6,0.730234
75,3,0.132811
88,4,0.215960
54,5,0.146941
83,5,0.242669
248,2,0.771152
74,2,0.078927
78,2,0.090129
115,7,0.521483
108,8,0.544219
70,95,3.497803
109,46,3.077803
101,5,0.318584
42,16,0.405184
153,36,4.849963
80,2,0.086305
57,39,1.161330
103,23,1.468371
74,2,0.078258
37,12,0.329359
144,5,0.666374
127,6,0.578628
92,26,1.325423
137,5,0.569923
25,4,0.101815
74,2,0.088584
90,2,0.110291
98,3,0.197527
81,2,0.089676
72,10,0.387078
86,7,0.375093
84,2,0.104150
64,3,0.110204
156,2,0.319249
143,7,0.778903
94,3,0.179652
89,48,2.555393
88,3,0.173721
98,4,0.265907
24,3,0.073204
127,17,1.624803
134,27,2.760295
168,5,0.888968
83,6,0.308325
99,12,0.672136
83,12,0.546103
108,2,0.145271
61,4,0.152087
103,9,0.586040
89,3,0.171559
110,76,4.384191
84,4,0.190480
83,2,0.104940
103,48,2.464200
80,2,0.098681
57,2,0.059876
37,3,0.088209
68,15,0.548347
111,3,0.252002
97,6,0.372658
69,2,0.069331
71,2,0.075999
51,2,0.069573
168,6,0.947742
350,11,9.214804
72,4,0.161913
60,2,0.068969
300,24,12.627563
175,7,0.873973
152,8,1.056816
256,2,0.864085
121,2,0.180879
270,92,22.339179
37,4,0.063787
189,2,0.287688
169,15,1.363790
99,8,0.276623
108,4,0.207578
97,2,0.118577
47,10,0.309084
75,10,0.419973
95,6,0.325228
127,25,2.422980
97,5,0.263126
79,3,0.136100
205,2,0.523116
135,29,3.132155
137,2,0.230305
57,2,0.066553
99,3,0.208619
113,5,0.381315
114,3,0.246809
244,16,5.381444
96,6,0.396871
60,2,0.075900
63,2,0.072841
67,15,0.538729
59,2,0.072222
123,59,4.866960
139,8,0.995639
84,2,0.108843
122,28,1.554343
67,11,0.422939
158,8,0.986746
147,3,0.372489
95,6,0.362818
72,4,0.161776
187,17,3.017140
62,4,0.147395
259,2,0.900383
75,5,0.182926
125,6,0.568760
116,5,0.414160
131,6,0.622836
63,2,0.075492
143,3,0.330969
87,2,0.106086
76,2,0.090121
104,2,0.156658
74,2,0.068292
56,2,0.060535
181,5,1.008852
94,10,0.541301
139,8,0.817647
73,6,0.254636
60,2,0.062161
142,4,0.511522
59,4,0.156823
110,2,0.138328
341,8,6.122244
139,42,4.029003
55,2,0.067662
105,2,0.137968
68,3,0.116980
117,13,0.863188
109,4,0.345625
151,14,1.828422
167,3,0.516664
133,19,1.920616
106,7,0.464990
82,3,0.153372
63,2,0.074368
89,63,3.185979
105,2,0.133799
85,2,0.103110
131,5,0.522631
87,3,0.139186
188,41,4.041767
201,6,1.326967
40,4,0.108926
90,2,0.101757
77,17,0.738157
93,9,0.483163
79,2,0.089501
75,2,0.082912
177,61,8.671092
107,4,0.273520
58,16,0.498582
67,14,0.533535
27,2,0.045451
213,3,0.959109
74,3,0.129135
26,3,0.066998
90,3,0.157051
137,21,2.158990
80,2,0.095485
131,2,0.176578
111,2,0.151886
177,3,0.518697
109,25,1.330083
76,31,1.042470
82,5,0.260248
79,4,0.184349
118,2,0.174013
73,8,0.333016
106,2,0.158360
215,6,1.701933
124,3,0.262255
100,17,0.927094
65,28,0.996669
65,17,0.615678
80,2,0.089296
127,2,0.187290
123,16,1.085582
68,2,0.074806
150,6,0.690760
270,3,1.430925
99,24,1.577740
138,9,0.945792
107,14,0.927612
84,8,0.372666
70,22,0.944006
73,2,0.073911
76,3,0.148624
86,2,0.101624
58,7,0.212381
185,4,0.794229
63,2,0.065563
69,3,0.117159
79,4,0.186186
133,2,0.236349
67,2,0.081901
391,11,12.235440
217,19,4.557074
102,3,0.200608
94,8,0.469238
112,6,0.455733
73,10,0.394405
229,3,0.905241
80,2,0.085802
93,12,0.745806
87,18,0.763018
88,3,0.133725
413,3,4.133126
62,10,0.352408
96,5,0.317872
99,3,0.183417
70,13,0.519100
97,12,0.699951
89,2,0.118625
97,18,1.012818
92,2,0.113015
75,23,1.018321
213,6,1.677659
83,2,0.104710
91,2,0.107650
144,18,1.797050
82,2,0.100039
76,2,0.086040
67,3,0.107672
211,3,0.871092
185,17,3.301939
226,87,24.701236
67,4,0.107370
91,2,0.081941
86,56,1.940067
39,2,0.038589
89,3,0.125782
59,4,0.105689
135,5,0.448947
80,3,0.085407
45,8,0.138118
107,17,1.079443
92,6,0.320283
68,2,0.069929
71,2,0.080377
78,22,0.945348
188,5,1.181839
69,3,0.114188
153,3,0.441098
99,6,0.369945
143,23,2.500702
157,16,2.242252
143,5,0.457044
87,2,0.098956
68,2,0.091553
93,3,0.175026
116,27,1.973303
346,16,12.370392
79,3,0.122744
70,2,0.082280
75,3,0.135971
102,22,1.517798
66,5,0.193778
183,25,4.179116
172,4,0.664247
65,2,0.071564
67,8,0.313190
117,3,0.293766
107,56,3.162302
30,4,0.082235
103,17,0.915839
99,5,0.308901
37,9,0.231305
136,5,0.610813
111,2,0.137437
114,81,6.046211
76,2,0.088116
80,23,0.905842
79,5,0.235973
91,4,0.227173
66,4,0.157936
37,2,0.049124
60,14,0.446429
88,2,0.115822
135,25,2.628580
69,3,0.134908
173,3,0.564888
436,6,8.688465
279,24,12.630638
244,3,1.194676
56,2,0.062956
40,3,0.074402
78,3,0.127707
84,2,0.080085
167,56,6.823362
74,20,0.631518
134,24,1.733330
71,2,0.060173
56,2,0.047081
305,9,3.970521
140,9,0.713607
78,8,0.330472
135,3,0.324939
78,6,0.281976
40,54,1.469361
123,78,4.880972
58,2,0.060163
98,4,0.257898
92,4,0.219383
90,13,0.755792
81,5,0.249394
57,2,0.065049
134,3,0.356953
86,2,0.091804
78,13,0.573687
107,54,3.149877
72,2,0.073266
163,6,0.840531
86,26,1.322893
67,2,0.079030
67,3,0.113706
95,7,0.412769
67,5,0.198170
85,2,0.102887
83,17,0.720958
149,16,1.835603
150,16,1.856009
103,6,0.348378
103,3,0.194272
152,3,0.346402
94,3,0.168316
110,5,0.379151
151,32,4.032815
149,12,1.484985
68,2,0.079198
98,16,0.724183
89,5,0.267746
86,2,0.102277
90,2,0.114601
93,2,0.119772
93,8,0.419620
111,4,0.304053
123,2,0.216151
46,10,0.289506
82,2,0.105105
53,45,1.257066
83,52,2.002339
151,8,0.949167
72,16,0.603501
205,21,5.220732
252,28,11.111161
82,3,0.158026
69,2,0.074672
97,2,0.131049
85,3,0.144313
77,3,0.142553
58,2,0.062627
74,16,0.686170
294,3,1.600890
148,3,0.408230
121,47,3.191793
58,6,0.216030
73,3,0.129774
103,2,0.152723
229,24,7.416232
75,10,0.480312
89,4,0.232123
201,6,1.548606
96,8,0.515661
127,25,1.928180
179,2,0.391942
74,12,0.520380
111,3,0.251567
65,6,0.219101
116,4,0.360817
36,2,0.046541
148,2,0.272351
92,3,0.185538
160,31,4.244430
60,2,0.073071
65,6,0.227205
134,3,0.292491
92,17,0.964487
98,3,0.167978
105,24,1.483983
155,9,1.287165
56,3,0.105144
72,7,0.272090
236,4,1.403549
66,2,0.080620
72,2,0.086392
67,2,0.075889
57,3,0.090617
102,2,0.133714
55,4,0.134418
154,43,4.022216
104,15,0.924340
160,3,0.377586
77,3,0.131851
65,3,0.113088
86,2,0.098606
63,2,0.075988
75,30,1.191825
89,2,0.122560
109,9,0.652967
285,8,4.537283
74,50,1.732615
72,16,0.691813
142,2,0.247764
68,3,0.111024
168,4,0.678773
132,4,0.415782
92,5,0.288445
29,3,0.083018
210,20,3.630447
489,4,8.226024
83,20,0.935457
134,30,3.031821
100,10,0.659429
84,3,0.141561
181,5,0.890683
323,4,2.957765
90,2,0.105309
151,62,4.285531
83,7,0.299814
153,36,4.652901
87,5,0.263948
190,5,1.059722
36,5,0.122413
172,4,0.766884
54,4,0.131734
102,3,0.215525
189,3,0.691035
52,24,0.735559
72,4,0.173432
109,61,3.270812
178,3,0.610388
80,45,1.758229
64,2,0.081058
76,2,0.092901
62,2,0.074079
100,2,0.114063
124,5,0.435906
203,2,0.482841
78,9,0.425879
97,2,0.132773
81,2,0.101841
60,2,0.078239
69,7,0.262073
70,21,0.855765
340,27,15.927212
82,6,0.275486
145,4,0.538691
84,3,0.176743
63,4,0.155962
90,13,0.698541
72,2,0.081784
241,9,3.316334
148,25,3.261161
114,3,0.243403
237,6,2.278503
77,6,0.253335
68,2,0.085171
162,30,4.095533
152,5,0.639612
281,6,3.276399
72,5,0.218532
45,6,0.149258
121,11,0.730710
108,2,0.148899
57,10,0.346071
83,5,0.194710
81,13,0.583208
86,2,0.100323
88,13,0.655630
255,4,1.654404
141,3,0.353352
89,17,0.860673
169,5,0.911103
103,14,0.844161
28,3,0.073487
66,4,0.146097
76,14,0.632011
81,2,0.106576
130,5,0.527211
79,2,0.088130
64,6,0.218353
96,3,0.196212
72,10,0.383169
77,3,0.133790
100,23,1.572195
146,3,0.379033
97,9,0.560463
102,3,0.214840
152,2,0.267977
93,10,0.581458
177,54,8.959921
117,2,0.173923
167,2,0.352601
297,69,25.788251
92,21,0.694773
104,3,0.103892
56,8,0.129604
55,2,0.033073
73,2,0.046826
81,12,0.358002
79,6,0.164715
85,3,0.091480
74,2,0.049684
37,10,0.127180
91,3,0.099580
60,2,0.075309
134,16,1.501640
109,2,0.145366
95,11,0.732333
165,6,0.717413
92,2,0.115919
37,3,0.077716
90,3,0.166954
56,3,0.106001
414,20,24.952285
124,2,0.127490
170,4,0.432605
98,13,0.494881
59,2,0.043047
120,3,0.180473
68,2,0.075054
75,2,0.072732
79,14,0.596831
92,5,0.249855
224,7,2.294437
170,5,0.817434
94,2,0.110269
161,2,0.286813
107,2,0.148607
103,7,0.475769
91,40,2.100641
98,9,0.550734
89,2,0.119683
38,3,0.085534
126,18,1.719884
245,19,6.274370
81,5,0.231848
74,2,0.109081
87,18,0.984457
35,5,0.121999
97,4,0.244349
64,3,0.117188
68,4,0.165359
100,4,0.251620
169,2,0.332399
53,6,0.169476
63,3,0.109461
89,2,0.109473
137,6,0.667883
115,2,0.160416
66,2,0.074371
132,2,0.209238
128,4,0.402322
135,9,0.961934
151,3,0.283067
163,5,0.747527
65,8,0.271214
79,2,0.103454
219,12,3.298757
101,17,0.925144
84,2,0.109728
140,22,1.574655
68,3,0.101961
161,11,1.081052
81,9,0.383693
80,11,0.498472
72,2,0.080438
75,5,0.217745
78,34,1.519441
80,2,0.084234
55,4,0.132993
94,3,0.147907
85,24,1.171348
115,21,1.483944
85,2,0.101337
139,44,2.849609
104,3,0.200094
71,2,0.086230
73,2,0.089855
74,3,0.147919
151,29,3.291747
86,3,0.151926
103,16,1.046507
100,4,0.263789
85,4,0.196359
102,4,0.310228
98,2,0.129088
74,3,0.122565
91,2,0.098136
102,2,0.135666
95,46,2.680156
83,3,0.165049
106,9,0.517910
64,3,0.104379
142,78,8.317016
119,6,0.521692
67,4,0.156863
82,2,0.113678
79,11,0.496013
174,4,0.660887
37,2,0.050886
88,3,0.167571
83,3,0.164668
92,3,0.164043
112,23,1.331051
114,8,0.502468
37,4,0.090805
84,3,0.149765
71,7,0.281476
232,23,6.955160
196,2,0.468411
96,3,0.177113
86,2,0.105177
135,24,2.301656
73,12,0.495450
66,2,0.075765
69,2,0.088478
203,24,6.534853
115,12,0.792741
64,8,0.302543
277,5,2.566896
99,2,0.119776
84,5,0.280139
51,91,2.748842
96,2,0.114966
68,2,0.077224
135,30,2.976537
90,2,0.108542
81,23,1.129624
225,4,1.235147
134,3,0.310824
72,2,0.092823
88,16,0.654865
78,3,0.158167
75,3,0.132471
75,2,0.087055
80,2,0.089084
29,2,0.051278
91,3,0.151266
112,4,0.271919
136,2,0.186044
92,32,1.900746
70,5,0.214489
150,3,0.430653
98,6,0.389251
93,7,0.381143
169,7,1.131001
97,33,1.897659
119,45,3.088850
146,3,0.373008
112,20,1.435064
230,3,1.018109
128,5,0.477479
85,2,0.108082
82,32,1.555608
98,4,0.259042
125,3,0.296208
98,2,0.128760
180,3,0.618725
255,19,7.272604
72,2,0.080565
81,19,0.851022
115,5,0.371137
105,20,1.307614
91,6,0.320436
107,2,0.142543
75,27,1.137429
110,2,0.158263
207,2,0.537423
96,85,4.028891
187,34,6.294018
93,6,0.341172
69,11,0.451840
95,22,1.212847
93,2,0.106623
84,2,0.097805
123,9,0.827510
72,3,0.130814
87,4,0.186395
133,26,2.838784
43,4,0.114724
92,3,0.186970
147,4,0.618058
126,3,0.323221
129,2,0.191827
119,9,0.731261
99,2,0.140660
78,5,0.243159
55,4,0.133966
77,3,0.135778
316,53,31.013073
95,14,0.553035
81,2,0.051059
37,2,0.019844
63,23,0.400880
156,8,0.654013
81,6,0.159655
127,7,0.329982
281,16,5.224877
71,2,0.036540
92,2,0.115595
67,52,1.966343
156,2,0.274257
62,2,0.070231
133,49,4.557579
284,9,4.640535
134,2,0.228633
83,2,0.100226
82,5,0.258617
95,8,0.472595
83,3,0.145350
69,2,0.082812
81,8,0.400506
59,2,0.063074
176,19,3.143610
94,5,0.288008
107,16,0.889897
97,18,1.045784
93,2,0.118429
99,3,0.154814
201,18,4.349675
25,3,0.068727
87,2,0.109679
92,3,0.176713
92,8,0.456146
102,36,1.872991
96,2,0.113913
356,42,28.477133
78,3,0.077706
70,2,0.043786
104,6,0.414253
101,4,0.261416
205,5,1.426749
84,3,0.153087
74,3,0.118982
79,2,0.092648
89,21,1.141204
74,2,0.081370
429,3,4.676380
70,23,0.853233
68,4,0.161914
136,7,0.439964
111,4,0.326222
399,5,5.313510
129,13,1.010400
77,2,0.089247
109,7,0.503160
158,28,3.639588
78,2,0.103214
71,3,0.115895
87,6,0.288858
116,10,0.582483
189,2,0.330086
61,3,0.103772
75,39,1.533945
316,27,14.114945
77,3,0.097631
122,4,0.311563
113,18,0.938700
288,4,1.432252
81,2,0.100087
89,2,0.118087
93,6,0.332649
99,4,0.269350
129,19,1.836331
86,2,0.135723
138,16,1.816953
108,32,2.209966
79,39,1.658558
95,7,0.434805
55,3,0.099219
101,2,0.138617
134,23,2.384904
97,2,0.128095
79,8,0.356124
58,2,0.064498
85,4,0.211750
224,11,2.520048
86,3,0.139591
107,25,1.765661
200,2,0.517167
81,4,0.182679
115,14,0.883703
96,2,0.127671
92,2,0.121495
117,7,0.607846
71,6,0.231702
168,2,0.344249
106,6,0.400479
86,7,0.345683
30,19,0.482287
32,4,0.097750
86,3,0.142267
77,26,1.071478
149,10,1.205610
119,18,1.452146
106,2,0.137125
137,4,0.449793
115,10,0.662293
84,4,0.200754
62,3,0.092453
119,2,0.197059
112,5,0.360525
74,2,0.083969
71,8,0.285230
83,2,0.095309
155,15,2.205473
74,2,0.103948
202,2,0.503089
60,20,0.696495
70,4,0.157964
83,2,0.098484
83,6,0.295525
79,13,0.563701
97,2,0.126796
93,21,1.026019
103,5,0.328263
83,8,0.408040
131,4,0.382253
73,4,0.148977
91,7,0.400968
108,4,0.296119
114,15,1.170903
70,3,0.125614
68,2,0.078218
79,2,0.097343
85,2,0.105418
43,8,0.217637
96,24,1.457357
81,2,0.106366
110,4,0.312375
123,5,0.428532
148,72,7.344161
219,12,3.179441
248,16,4.616478
62,3,0.093710
143,7,0.814979
144,22,2.610890
68,2,0.084523
77,6,0.278121
69,4,0.160788
57,3,0.096154
98,11,0.646962
328,9,6.680369
131,52,2.619519
91,8,0.291395
87,2,0.100729
292,8,4.286751
152,2,0.255718
98,2,0.080871
72,3,0.114874
86,14,0.701200
53,4,0.116700
115,5,0.436722
54,14,0.443221
84,2,0.104072
54,77,2.483308
85,2,0.100964
63,3,0.107891
99,4,0.258013
83,2,0.095444
87,2,0.103928
57,2,0.067673
120,16,1.427485
50,2,0.060237
92,2,0.112527
113,3,0.228502
78,4,0.185553
95,2,0.125946
145,24,2.860229
70,2,0.092772
134,22,2.242531
46,3,0.084295
54,18,0.556743
35,6,0.159035
151,6,0.710408
83,4,0.203053
144,24,2.817296
124,27,2.041047
99,2,0.109516
277,2,1.125156
89,33,1.837270
107,4,0.306392
89,30,1.488387
27,2,0.053154
109,7,0.537168
97,4,0.242686
279,5,2.433578
80,4,0.178398
116,5,0.305760
114,4,0.305884
60,4,0.144674
362,4,4.228910
103,16,0.732161
88,5,0.233672
138,7,0.843931
77,2,0.087880
82,2,0.090391
89,3,0.179461
207,15,2.820861
158,3,0.450302
68,26,0.982071
214,2,0.556418
115,86,5.712239
192,28,2.779892
88,2,0.091899
176,3,0.420915
130,5,0.442852
69,2,0.069054
177,90,7.706507
60,5,0.162258
89,2,0.104141
103,13,0.718748
78,2,0.082617
90,2,0.122108
87,4,0.217583
87,8,0.406788
130,22,1.784853
88,2,0.118999
319,4,3.169153
98,2,0.120508
96,20,1.122818
90,2,0.106935
100,6,0.367434
35,5,0.141274
63,85,2.994940
72,4,0.156695
68,2,0.079866
297,3,1.485137
66,4,0.132906
95,11,0.610517
79,14,0.640111
71,3,0.126137
100,13,0.859485
96,44,2.128345
104,7,0.443130
111,2,0.158910
102,23,1.294495
91,3,0.167478
67,4,0.137683
21,2,0.056502
89,2,0.117381
92,46,2.446182
147,13,1.474422
150,3,0.386524
152,18,2.382947
77,64,2.588771
127,11,0.882541
70,2,0.084214
81,19,0.822066
288,5,2.529175
143,55,5.090253
96,5,0.225713
79,2,0.059806
127,8,0.562186
88,16,0.896772
183,28,5.272413
51,2,0.062034
89,2,0.119826
60,2,0.060067
114,34,2.344843
134,4,0.439022
86,5,0.262853
100,5,0.318089
81,3,0.140616
65,4,0.133470
160,4,0.613717
275,17,7.377182
69,2,0.055183
100,18,0.817587
60,3,0.110102
106,28,2.052850
84,5,0.263762
46,5,0.138608
125,6,0.522619
153,4,0.577937
74,5,0.218402
101,24,1.454077
236,47,9.688134
57,2,0.056479
68,5,0.155198
84,29,1.015231
79,2,0.064486
68,2,0.053818
78,5,0.164421
101,2,0.141412
136,5,0.562178
67,7,0.265821
74,2,0.080588
182,4,0.761420
378,15,14.373046
60,2,0.053197
25,2,0.034675
271,15,4.834152
91,5,0.162612
170,10,1.036842
128,19,1.082116
59,39,0.772942
75,26,0.646435
98,16,0.516287
114,6,0.419496
116,3,0.250914
123,2,0.176935
309,14,8.806013
88,2,0.111641
188,20,2.642405
87,24,0.955156
114,18,1.270342
120,4,0.318693
85,3,0.137474
274,15,5.885087
84,3,0.089096
83,6,0.202015
86,3,0.110702
165,9,0.956035
56,5,0.159923
101,5,0.322277
76,2,0.097574
202,3,0.602687
195,5,1.072414
60,5,0.154981
84,8,0.382789
138,31,3.253161
131,6,0.603038
106,12,0.915704
77,4,0.157916
132,4,0.417190
65,5,0.177812
98,4,0.252061
132,2,0.201720
88,5,0.262937
105,5,0.317520
76,2,0.086584
202,3,0.726050
99,14,0.941877
93,73,3.552698
93,35,1.715943
80,9,0.366735
78,2,0.095303
66,4,0.141842
107,12,0.740130
61,2,0.067021
156,10,1.034265
89,6,0.285886
50,2,0.052379
145,31,3.579753
30,5,0.132171
112,6,0.463566
85,5,0.253659
74,2,0.080438
78,8,0.368032
164,3,0.411731
79,2,0.093638
86,14,0.629833
110,10,0.688605
47,5,0.143207
121,9,0.781024
96,2,0.117033
387,16,12.998452
82,8,0.219155
73,6,0.257042
76,56,2.297864
79,3,0.130981
105,5,0.346926
59,2,0.068270
113,19,1.251705
77,4,0.176664
111,8,0.602814
149,3,0.375577
159,20,3.074954
72,5,0.204408
229,10,2.945008
196,29,5.031481
136,2,0.197515
82,82,1.747139
83,24,1.150492
102,4,0.275985
93,48,2.149558
269,18,8.241426
115,5,0.377546
100,5,0.286245
37,2,0.040198
59,2,0.051915
67,2,0.059707
72,2,0.065860
105,11,0.475449
109,3,0.221426
44,2,0.042012
153,9,0.888128
133,71,4.105061
59,2,0.072797
104,5,0.313257
38,2,0.054094
143,53,6.109881
78,4,0.196366
240,3,1.046074
251,3,1.245964
88,6,0.298037
59,6,0.185881
109,2,0.126217
309,7,3.975512
70,2,0.063612
80,13,0.483871
37,2,0.038586
110,10,0.561469
161,37,5.230162
85,11,0.546691
94,23,1.344944
156,2,0.302493
62,10,0.395405
162,4,0.538144
149,2,0.269285
97,3,0.175237
128,38,1.638089
92,5,0.256454
65,2,0.064902
85,2,0.086170
123,3,0.256063
133,34,3.183160
108,14,0.772240
79,2,0.090429
86,6,0.286219
189,8,0.992708
281,2,1.005161
319,5,3.234722
87,4,0.196355
80,23,0.864259
82,5,0.241972
72,4,0.165885
253,10,3.791542
117,4,0.272548
91,4,0.207007
85,2,0.084406
86,2,0.099135
84,8,0.312135
73,6,0.246089
112,5,0.394929
74,2,0.092912
131,7,0.750180
346,18,14.214071
65,6,0.141372
96,9,0.427910
36,3,0.053976
96,13,0.657949
93,10,0.297348
67,2,0.056306
78,2,0.063437
98,4,0.189949
148,3,0.271526
240,19,4.217365
114,4,0.290429
36,3,0.089882
202,5,1.198999
71,26,1.022793
133,7,0.611439
97,7,0.400061
135,12,1.267442
115,22,1.501468
78,2,0.092180
193,61,6.376320
98,3,0.167022
121,6,0.396621
111,4,0.235664
132,28,2.244051
46,4,0.077751
151,3,0.367591
102,2,0.132720
168,31,3.768033
66,2,0.072590
81,13,0.603879
60,2,0.061889
52,2,0.057082
98,67,3.045243
170,9,1.521476
64,2,0.060980
198,3,0.642776
88,2,0.097983
90,6,0.202930
145,15,1.500487
75,2,0.076632
86,4,0.216670
73,19,0.702833
87,2,0.099430
62,2,0.075175
57,3,0.110312
134,2,0.214955
140,4,0.451660
70,2,0.082752
54,5,0.162217
104,88,4.023296
79,5,0.211516
214,11,2.706097
78,2,0.084446
194,4,0.932520
159,2,0.242881
59,31,0.979962
70,3,0.114581
87,3,0.156448
73,11,0.427459
84,3,0.144529
278,11,5.512648
78,4,0.171130
69,2,0.069980
78,7,0.296120
95,11,0.576725
99,12,0.651121
61,2,0.061433
82,3,0.121404
112,3,0.187527
59,53,1.505270
92,2,0.114834
61,7,0.227426
88,5,0.272421
104,2,0.138395
135,55,4.368972
78,28,1.111147
113,2,0.132875
173,2,0.379011
103,63,3.113194
94,5,0.218118
116,3,0.204367
282,2,0.978724
75,3,0.096792
78,3,0.102411
88,4,0.159360
183,2,0.401856
68,2,0.075386
274,28,8.147730
107,18,1.130265
248,5,1.705981
83,4,0.138162
63,3,0.085292
59,11,0.260350
226,10,2.397614
114,85,5.028858
83,3,0.087249
130,78,4.228147
137,13,0.865762
73,4,0.085567
36,9,0.097203
180,2,0.365104
228,15,4.541455
96,5,0.290585
224,57,12.445703
96,23,0.815690
86,2,0.058037
67,7,0.128100
202,7,1.185493
70,15,0.311891
404,2,1.535066
169,5,0.584908
92,7,0.249786
103,98,3.940501
56,2,0.038568
100,2,0.084929
107,5,0.346508
80,3,0.139479
109,3,0.240149
87,3,0.160654
23,2,0.050301
160,3,0.476908
181,2,0.393554
104,3,0.200937
83,3,0.163705
29,5,0.131124
162,6,0.977248
254,54,12.568522
57,3,0.062439
85,20,0.597958
89,2,0.071557
201,21,4.210430
77,5,0.216740
120,14,1.119106
71,9,0.309468
78,2,0.081435
87,3,0.142832
74,2,0.076405
72,35,1.234744
100,6,0.330112
127,22,1.603293
134,9,0.804854
106,4,0.204063
29,3,0.057660
222,9,2.334915
182,82,3.870189
80,10,0.422911
98,6,0.368718
42,35,0.970411
275,5,2.499177
73,11,0.467831
100,2,0.128335
129,4,0.392929
77,2,0.076777
129,10,1.002853
92,37,1.845679
146,2,0.238442
97,90,3.797275
87,4,0.172911
142,2,0.182750
84,9,0.368399
120,19,1.478762
84,2,0.110509
310,5,3.422740
114,2,0.159025
77,6,0.273011
81,7,0.267962
79,3,0.133934
158,3,0.440088
120,2,0.166785
110,3,0.220662
152,13,1.426260
63,11,0.265853
162,2,0.275261
80,2,0.084441
57,5,0.118441
88,17,0.751209
135,35,3.346353
72,2,0.086540
101,3,0.189751
69,2,0.067513
139,4,0.398995
78,2,0.076674
47,2,0.057611
95,21,1.146889
140,5,0.596399
67,10,0.303506
40,4,0.080363
66,2,0.059534
97,25,1.267576
137,23,1.983102
137,5,0.517867
84,9,0.456839
71,3,0.124271
170,9,1.582185
77,38,1.372561
354,3,2.519962
74,3,0.110712
87,20,0.842103
240,5,1.625492
81,8,0.258421
84,5,0.167473
71,3,0.077874
192,4,0.737206
118,3,0.194790
89,3,0.103914
130,3,0.303312
122,38,3.052080
73,2,0.079486
155,5,0.649855
74,5,0.169118
94,4,0.185849
190,97,9.473253
97,2,0.076501
79,4,0.117313
108,2,0.086971
69,4,0.085345
80,13,0.375076
80,3,0.089385
67,4,0.099422
23,6,0.088317
67,3,0.117066
173,3,0.564423
146,5,0.480628
90,3,0.158310
130,6,0.625957
103,14,0.852748
118,2,0.147565
182,18,2.766371
71,2,0.070444
99,9,0.412021
73,61,1.714198
89,10,0.377268
103,3,0.174827
72,4,0.116660
431,13,11.706836
310,2,1.404919
174,43,6.879851
61,2,0.050103
174,2,0.302634
97,2,0.105845
73,2,0.067637
64,2,0.040934
215,7,1.383916
131,2,0.139170
82,7,0.223878
91,18,0.667880
79,36,0.964933
109,48,1.649318
83,4,0.116687
108,5,0.215308
76,24,0.959731
152,6,0.792569
88,2,0.118576
100,8,0.477676
74,2,0.078974
140,3,0.348956
87,2,0.101868
99,12,0.702714
81,3,0.132235
68,28,0.900203
182,3,0.459225
80,2,0.076166
82,4,0.172446
23,2,0.040129
72,3,0.095489
67,2,0.075163
80,28,1.159762
98,2,0.125314
54,70,1.860940
103,4,0.224227
140,9,0.937989
92,8,0.369854
122,17,0.920436
197,10,2.013216
62,3,0.070016
215,62,7.241279
92,4,0.137606
95,3,0.104436
100,2,0.088425
87,3,0.102324
246,3,1.061602
81,2,0.093310
89,3,0.152808
101,5,0.376595
78,7,0.280901
69,2,0.071018
109,16,0.921146
182,7,0.978502
93,6,0.280163
188,3,0.511137
103,28,1.592363
109,10,0.638557
93,14,0.590436
73,2,0.060846
100,7,0.339359
116,3,0.249157
84,3,0.152936
69,19,0.711585
138,14,1.000174
61,2,0.060205
30,3,0.070142
60,2,0.065572
65,3,0.103545
372,24,18.343386
87,2,0.059377
200,10,1.563184
26,4,0.054936
84,2,0.060161
95,2,0.074503
82,5,0.141541
79,5,0.225229
38,2,0.052124
83,3,0.155197
390,3,3.796540
129,18,1.536515
156,3,0.311275
276,3,1.395105
137,3,0.275225
119,100,3.264661
125,30,1.926755
47,3,0.051892
124,5,0.336786
74,8,0.216656
87,26,0.567950
147,4,0.348658
204,4,0.924904
274,9,4.455281
87,2,0.085875
98,22,0.869334
317,35,10.568630
93,14,0.338023
84,2,0.060880
333,3,1.704049
64,42,0.614426
98,3,0.100616
187,31,1.946024
52,2,0.035550
71,2,0.044874
136,46,2.275370
93,3,0.103339
65,2,0.081373
70,4,0.141279
63,3,0.100710
325,6,3.989500
91,7,0.269076
82,16,0.611970
112,17,1.007325
141,2,0.206765
