336847.78
206378.1
141536.8
108861.96
92730.93
81646.39
74906.43
70113.68
66562.52
63773.957
61491.605
59574.176
57922.523
56481.65
55195.62
54048.938
53002.418
52057.668
51189.383
50391.52
49649.09
48968.62
48322.1
47730.535
47165.46
46642.152
46141.133
45683.68
45236.04
44822.73
44426.348
44054.664
43694.91
43359.813
43035.96
42724.297
42435.773
42149.453
41882.66
41622.996
41382.14
41147.96
40923.6
40704.434
40494.496
40294.477
40102.625
39927.6
39740.434
39574.785
39408.47
39254.65
39103.64
38949.67
38811.234
38679.15
38540.277
38416.715
38292.88
38187.363
38069.82
37972.61
37854.117
37746.145
37661.547
37561.7
37465.164
37383.594
37297.71
37208.01
37127.09
37059.1
36980.59
36911.3
36843.957
36768.594
36711.996
36664.62
36585.617
36537.96
36486.21
36426.31
36378.785
36322.297
36273.297
36242.625
36196.28
36156.81
36126.863
36079.59
36043.53
35992.2
