354864.88
180185.69
118066.96
87664
71997.5
62715.234
56645.18
52463.535
49623.44
47718.613
46313.69
45095.21
43984.145
42956.016
42008.184
41151.063
40375.17
39665.883
39032.223
38454.664
37927.434
37446.844
37009.465
36605.016
36235.305
35890.97
35580.7
35284.25
35015.7
34768.77
34535.945
34321.3
34123.19
33935.523
33764.355
33605.516
33450.266
33308.473
33176.707
33056.04
32941.297
32837.813
32734.47
32644.473
32563.957
32486.855
32408.793
32332.754
32271.428
32224.063
32163.395
32111.543
32066.604
32017.398
31977.52
31945.283
31912.566
31884.123
31851.941
