272394.72
249601.38
228823.89
209935.17
192807.89
177291.36
163238.17
150504.08
138954.5
128466.87
118930.516
110246.45
102326.984
95096.086
88487.12
82442.25
76911.89
71851.85
67224.164
62995.273
59134.332
55614.54
52410.535
49498.305
46855.133
44459.203
42289.117
40324.367
38545.902
36935.164
35475.2
34150.395
32946.324
31850.11
30850.248
29936.27
29098.84
28330.023
27622.406
26969.75
26366.43
25807.395
25288.264
24805.31
24354.986
23934.281
23540.545
23171.297
22824.559
22498.21
22190.814
21900.64
21626.31
21366.629
21120.578
20886.918
20664.975
20453.72
20252.533
20060.678
19877.502
19702.484
19534.95
19374.68
19220.965
19073.586
18932.121
18796.12
18665.441
18539.625
18418.453
