74.700000,20,1.852242
77.200000,20,2.320686
116.200000,20,5.103981
76.250000,20,2.043264
117.400000,20,6.394939
117.400000,20,5.682115
74.900000,20,1.725107
116.950000,20,5.993998
116.100000,20,5.108004
76.050000,20,2.293097
76.800000,20,2.128675
75.900000,20,1.983895
121.550000,20,5.523848
76.100000,20,1.951215
116.250000,20,5.292188
75.350000,20,1.802925
123.300000,20,5.523584
123.300000,20,5.543194
74.700000,20,1.771557
117.050000,20,5.921784
75.400000,20,1.853001
73.550000,20,1.927647
121.600000,20,4.882687
115.750000,20,6.786135
122.800000,20,5.262131
116.450000,20,5.794841
75.950000,20,2.240309
123.200000,20,5.278109
77.400000,20,2.298624
116.900000,20,5.756994
77.400000,20,2.202873
122.850000,20,5.318249
123.450000,20,6.128525
116.600000,20,5.785971
116.500000,20,6.115234
117.900000,20,5.669580
117.650000,20,5.529083
115.650000,20,5.234786
116.800000,20,6.215913
76.300000,20,1.837457
117.050000,20,5.387028
123.050000,20,5.701356
117.250000,20,5.732030
123.000000,20,5.025624
116.650000,20,5.622880
117.400000,20,5.527107
116.550000,20,5.449614
123.350000,20,5.433145
74.700000,20,1.990646
76.650000,20,2.344462
76.850000,20,2.357818
121.900000,20,4.744987
75.350000,20,2.043039
75.500000,20,1.839372
121.550000,20,5.318530
77.100000,20,2.202469
78.300000,20,2.302530
116.850000,20,5.658847
76.400000,20,2.383753
116.800000,20,4.607232
74.850000,20,2.243442
116.450000,20,5.912809
116.400000,20,5.094726
74.150000,20,2.105731
76.000000,20,2.051768
123.250000,20,5.749716
116.050000,20,5.375082
123.300000,20,5.733932
76.000000,20,2.222302
117.650000,20,5.625002
76.650000,20,1.944849
76.150000,20,2.394624
76.250000,20,2.260547
75.250000,20,1.832342
76.700000,20,2.320323
75.950000,20,1.898658
116.650000,20,6.064516
121.650000,20,5.320498
75.100000,20,2.188106
77.450000,20,2.354295
121.550000,20,5.021827
76.600000,20,2.071405
122.050000,20,5.077585
117.550000,20,5.495155
76.600000,20,2.296738
75.550000,20,1.999493
76.100000,20,2.063879
76.050000,20,1.901229
121.550000,20,5.147665
79.450000,20,2.299498
75.800000,20,1.824146
76.750000,20,2.099746
122.500000,20,5.449538
79.000000,20,2.549629
121.100000,20,5.183868
116.250000,20,6.450808
76.550000,20,1.946022
117.400000,20,5.812694
76.250000,20,2.419517
116.750000,20,5.940295
76.700000,20,2.245065
116.250000,20,5.309857
76.650000,20,2.221082
117.600000,20,5.787771
77.900000,20,2.267903
118.050000,20,5.547482
121.900000,20,5.100605
77.000000,20,2.146055
117.100000,20,4.793326
75.600000,20,2.130669
117.450000,20,5.756876
116.550000,20,5.941662
77.350000,20,2.401613
117.150000,20,4.961249
77.650000,20,2.445079
121.950000,20,5.412933
76.450000,20,2.060936
77.850000,20,2.055648
121.800000,20,5.190573
78.550000,20,2.294738
117.350000,20,5.708404
116.800000,20,5.260138
76.300000,20,2.009671
75.300000,20,2.043247
75.850000,20,1.977989
121.650000,20,5.071848
76.200000,20,2.278691
123.000000,20,5.362926
76.300000,20,2.049682
76.000000,20,1.971913
121.950000,20,5.978539
121.700000,20,4.751773
123.000000,20,5.299585
122.150000,20,4.898773
117.150000,20,5.185330
116.000000,20,5.608523
76.400000,20,2.091521
76.650000,20,2.397995
116.650000,20,5.345220
75.900000,20,1.874248
76.950000,20,2.037432
123.150000,20,6.139539
117.250000,20,6.075485
76.300000,20,2.339156
116.850000,20,5.313286
75.500000,20,1.796617
75.450000,20,2.097807
78.050000,20,2.272868
75.350000,20,1.837477
115.600000,20,5.875544
123.000000,20,5.095844
114.950000,20,4.947358
77.150000,20,1.944551
117.700000,20,6.282337
73.700000,20,2.182080
116.250000,20,5.412778
76.500000,20,2.326969
116.800000,20,5.484685
116.350000,20,5.765797
121.550000,20,5.305470
121.700000,20,4.973015
76.050000,20,2.087906
75.700000,20,2.201224
76.200000,20,2.021742
116.700000,20,5.135554
75.700000,20,1.989346
115.700000,20,6.775714
117.500000,20,6.070579
117.500000,20,5.270082
116.150000,20,5.479296
78.050000,20,2.872312
77.150000,20,2.220169
120.300000,10,2.806685
116.450000,20,5.955613
115.950000,20,5.310429
76.000000,20,2.056318
117.600000,20,5.300878
74.250000,20,2.109504
78.850000,20,2.552919
117.350000,20,5.340666
121.650000,20,5.320462
75.550000,20,1.782945
117.250000,20,5.610304
121.900000,20,5.373145
75.500000,20,1.906830
75.600000,20,2.165852
117.500000,20,5.745105
123.450000,20,5.385553
123.000000,20,5.100956
117.300000,20,5.181036
78.900000,20,2.610920
121.350000,20,4.758025
79.650000,20,2.339673
122.050000,20,5.878142
117.850000,20,5.259581
116.600000,20,5.507561
122.050000,20,5.475738
116.550000,20,5.893467
75.800000,20,2.546819
79.450000,20,2.425689
76.900000,20,2.231598
116.200000,20,5.695703
75.300000,20,1.814368
121.950000,20,5.164896
76.100000,20,2.191049
78.900000,20,2.351291
116.000000,20,5.867864
76.350000,20,1.991814
75.000000,20,2.144527
75.300000,20,1.892017
116.450000,20,5.447912
116.100000,20,5.965147
123.200000,20,5.716416
117.550000,20,6.200257
116.450000,20,5.667313
116.750000,20,5.603241
76.900000,20,2.272771
74.900000,20,2.051441
76.450000,20,1.976962
115.650000,20,5.629202
74.450000,20,1.800392
75.150000,20,1.849853
75.750000,20,1.920177
116.800000,20,5.503899
116.500000,20,5.086067
115.400000,20,4.977586
77.100000,20,2.358874
77.850000,20,2.311141
114.900000,20,5.476281
116.650000,20,5.536518
75.650000,20,2.018972
117.400000,20,5.853881
74.800000,20,1.997861
76.700000,20,2.221917
116.250000,20,4.971723
76.050000,20,1.952699
122.900000,20,5.297292
117.800000,20,5.199029
116.950000,20,5.852732
77.250000,20,2.259213
121.850000,20,5.480601
75.900000,20,2.092451
76.400000,20,1.914261
117.100000,20,4.981165
121.000000,20,6.364423
76.900000,20,2.108992
115.600000,20,4.371119
377.333333,3,14.656702
118.800000,20,5.093122
75.750000,20,1.946625
77.000000,20,2.376243
74.950000,20,2.182167
77.900000,20,1.858634
116.250000,20,5.362896
76.350000,20,2.082880
76.300000,20,1.909191
76.750000,20,2.136613
121.900000,20,5.061061
116.150000,20,6.076500
119.350000,20,5.590130
76.100000,20,1.812965
76.400000,20,2.082551
77.150000,20,2.379923
116.250000,20,5.646864
76.600000,20,2.153007
116.200000,20,5.999676
116.300000,20,4.912421
75.300000,20,2.034533
116.500000,20,5.775177
116.200000,20,5.231345
117.000000,20,5.635499
75.450000,20,1.985320
115.350000,20,4.907358
115.950000,20,6.150277
116.550000,20,5.987154
122.950000,20,5.020340
76.000000,20,1.943011
76.600000,20,2.275031
77.300000,20,2.354138
117.200000,20,5.041461
75.350000,20,2.023574
123.050000,20,5.824083
116.950000,20,4.462017
123.050000,20,5.932433
78.750000,20,2.668660
117.100000,20,5.298170
121.800000,20,5.511715
121.150000,20,4.946221
116.100000,20,5.601068
73.700000,20,1.814157
117.900000,20,4.923136
76.200000,20,2.192037
121.850000,20,5.256312
77.200000,20,2.101433
123.250000,20,5.879363
119.900000,20,6.322589
80.300000,20,2.252602
123.050000,20,5.341323
75.350000,20,1.919684
77.300000,20,2.354481
75.300000,20,1.806374
117.700000,20,5.791760
76.250000,20,2.218922
78.350000,20,2.436008
75.150000,20,2.073359
79.200000,20,2.372230
121.600000,20,5.309389
74.800000,20,1.955633
117.700000,20,5.343819
75.350000,20,1.984820
76.700000,20,2.109683
115.650000,20,4.956034
117.450000,20,5.382478
123.277778,18,4.558445
75.500000,20,2.102684
116.550000,20,5.234807
78.000000,20,2.463542
76.000000,20,2.018811
116.750000,20,4.978250
78.500000,20,2.307382
76.750000,20,2.147667
116.050000,20,4.886940
77.500000,20,1.962598
121.750000,20,5.532186
75.300000,20,2.197374
116.800000,20,5.761166
76.900000,20,2.002719
76.350000,20,2.270766
77.100000,20,2.518179
76.250000,20,1.870986
79.150000,20,2.306879
117.300000,20,5.757315
75.500000,20,1.996782
116.550000,20,5.462199
76.450000,20,2.324938
74.900000,20,2.249403
121.650000,20,5.827149
75.950000,20,1.903417
116.550000,20,5.231502
75.800000,20,2.014897
121.950000,20,4.940941
121.650000,20,5.125513
75.950000,20,2.134161
78.400000,20,2.729350
79.200000,20,2.629663
116.900000,20,5.291829
121.900000,20,5.369039
74.100000,20,1.755726
75.150000,20,2.065567
75.700000,20,2.041976
75.600000,20,1.931253
121.700000,20,5.543048
74.100000,20,1.760921
116.050000,20,5.415475
114.950000,20,5.274706
121.750000,20,5.544450
122.900000,20,5.951813
76.550000,20,1.862967
75.250000,20,2.068648
75.150000,20,2.073547
122.950000,20,5.582985
123.600000,20,5.426740
74.650000,20,2.089300
116.550000,20,5.730315
115.850000,20,5.579315
117.450000,20,4.999134
116.750000,20,5.782051
75.500000,20,2.006388
76.100000,20,2.037491
75.350000,20,2.258896
76.750000,20,2.222039
75.200000,20,2.071421
117.250000,20,5.413934
74.100000,20,1.900908
76.300000,20,1.926900
116.100000,20,5.234428
121.700000,20,4.749809
76.350000,20,2.122392
76.250000,20,2.014754
76.850000,20,2.062583
75.900000,20,1.970703
116.850000,20,5.250526
116.150000,20,5.232750
76.800000,20,1.987819
116.400000,20,5.149430
75.450000,20,1.983841
116.150000,20,5.514954
117.100000,20,6.014474
122.850000,20,5.889747
116.400000,20,5.392953
121.650000,20,4.821365
77.100000,20,2.293678
76.150000,20,2.066720
75.750000,20,2.234555
117.050000,20,6.923215
75.100000,20,1.929402
117.000000,20,4.621092
75.000000,20,1.786958
117.300000,20,5.906485
121.950000,20,5.215449
75.950000,20,1.956332
76.100000,20,2.289113
121.700000,20,5.467340
76.350000,20,1.932778
76.650000,20,2.126737
117.350000,20,5.485238
117.000000,20,5.681156
77.750000,20,2.294302
75.350000,20,2.129671
77.600000,20,2.100126
76.500000,20,2.106915
116.050000,20,5.559445
76.850000,20,2.134065
75.850000,20,1.977013
76.800000,20,1.870110
115.200000,20,5.826722
75.000000,20,1.959391
116.950000,20,5.703061
74.950000,20,1.940530
116.300000,20,5.644222
78.350000,20,2.192817
121.600000,20,4.996870
75.250000,20,1.750442
77.100000,20,2.372537
74.900000,20,1.967035
115.550000,20,4.828781
78.000000,20,2.564714
116.750000,20,6.373700
76.350000,20,2.175226
76.700000,20,2.247083
73.850000,20,2.002902
78.250000,20,2.199509
77.600000,20,2.043637
121.600000,20,5.250772
116.450000,20,5.428429
74.200000,20,2.071040
121.550000,20,5.127095
76.800000,20,2.147193
76.950000,20,2.473428
116.950000,20,5.349155
76.800000,20,2.239473
115.600000,20,5.351726
117.350000,20,4.978910
76.800000,20,2.144943
116.600000,20,5.600286
116.250000,20,5.031209
116.550000,20,5.286029
117.000000,20,5.049672
116.600000,20,5.178554
117.800000,20,6.024415
76.600000,20,2.033752
121.900000,20,4.869434
76.800000,20,2.080988
115.550000,20,5.252192
75.100000,20,2.041131
75.600000,20,2.097037
74.350000,20,1.742751
116.450000,20,5.552866
116.450000,20,6.468365
76.350000,20,1.818963
115.950000,20,5.259371
75.300000,20,2.191271
76.250000,20,2.071691
77.450000,20,2.392694
117.750000,20,5.285768
75.100000,20,1.895373
116.550000,20,6.347689
116.850000,20,5.470130
116.150000,20,4.912743
117.000000,20,5.440633
77.850000,20,2.182647
117.150000,20,6.120050
116.450000,20,6.230324
77.300000,20,2.286226
116.750000,20,5.890498
117.000000,20,5.011456
75.550000,20,1.942966
80.200000,20,2.246542
74.700000,20,1.777585
78.000000,20,2.668670
77.350000,20,2.466435
115.750000,20,5.192222
121.750000,20,5.220570
117.050000,20,4.754659
122.050000,20,5.242961
121.300000,20,4.819584
122.050000,20,5.085848
77.100000,20,2.281257
77.250000,20,2.348606
117.000000,20,5.436797
117.700000,20,5.582769
121.450000,20,6.495056
116.400000,20,4.864960
76.850000,20,2.317359
75.900000,20,2.195303
116.050000,20,5.659910
76.200000,20,1.875928
76.450000,20,2.201559
116.750000,20,5.294911
74.650000,20,1.920584
122.000000,20,5.613730
74.950000,20,2.167189
79.100000,20,2.658815
121.300000,20,5.001550
76.200000,20,2.229798
75.700000,20,2.111019
77.250000,20,2.467818
115.550000,20,6.106598
76.050000,20,2.082538
117.550000,20,5.157580
79.350000,20,2.055839
115.450000,20,5.810956
77.950000,20,2.510331
77.050000,20,2.566611
76.950000,20,2.198744
116.650000,20,4.798556
75.850000,20,2.016943
121.850000,20,5.054496
118.150000,20,5.336195
117.454545,11,3.228056
117.050000,20,5.396162
75.600000,20,2.376962
116.300000,20,5.246928
75.600000,20,1.802654
77.900000,20,2.472916
121.250000,20,4.968533
76.150000,20,1.972442
74.850000,20,1.813061
76.500000,20,2.182855
121.850000,20,5.141664
122.250000,20,6.210431
116.100000,20,5.137292
115.900000,20,4.851405
123.250000,20,5.163818
119.950000,20,5.137491
76.750000,20,1.938235
115.800000,20,5.353388
76.950000,20,2.158271
77.050000,20,2.363844
75.050000,20,2.221392
117.400000,20,5.395534
121.550000,20,6.263700
76.550000,20,1.839024
116.950000,20,4.930203
115.750000,20,5.322514
121.950000,20,5.135130
74.600000,20,1.797173
116.700000,20,5.436709
76.650000,20,2.094513
76.100000,20,1.889479
121.750000,20,5.210696
75.600000,20,2.086058
77.200000,20,2.114188
75.500000,20,2.229684
76.250000,20,2.381303
119.750000,20,4.870987
75.600000,20,2.286401
121.450000,20,4.859091
74.950000,20,2.117529
74.300000,20,1.932916
74.250000,20,1.979439
116.250000,20,5.151047
75.800000,20,1.862306
117.900000,20,5.203341
116.550000,20,5.881448
116.800000,20,5.281886
116.250000,20,5.399499
115.050000,20,5.696501
121.150000,20,6.756928
116.500000,20,5.560850
116.300000,20,6.078542
117.550000,20,5.227461
116.400000,20,5.315997
121.750000,20,4.924677
77.250000,20,2.200012
75.350000,20,1.776847
115.800000,20,4.684540
75.800000,20,2.033193
75.400000,20,2.040612
123.000000,20,5.998668
74.500000,20,1.925545
77.600000,20,2.428539
117.200000,20,5.665599
116.850000,20,5.516148
116.900000,20,5.611259
121.800000,20,5.134010
122.500000,20,6.023136
77.900000,20,2.390010
74.900000,20,2.101401
77.200000,20,2.048760
76.700000,20,1.866911
116.500000,20,5.555982
77.200000,20,2.113767
117.200000,20,6.121567
78.300000,20,2.460622
75.200000,20,1.976484
76.000000,20,2.017276
116.200000,20,5.710779
76.450000,20,2.250789
77.600000,5,0.652946
116.400000,20,5.486010
74.550000,20,1.786665
76.900000,20,2.297235
117.150000,20,6.251673
116.050000,20,4.931277
76.550000,20,2.046158
77.850000,20,2.499161
116.650000,20,6.544070
76.600000,20,2.765109
121.700000,20,4.752552
75.950000,20,2.071704
116.400000,20,4.735650
75.200000,20,2.037019
121.650000,20,5.508915
117.800000,20,4.735899
76.600000,20,2.038075
76.650000,20,1.919751
116.300000,20,5.862039
74.550000,20,2.432030
121.850000,20,4.889486
121.750000,20,5.836801
115.700000,20,5.458795
75.650000,20,2.382483
77.900000,20,2.106169
116.200000,20,5.420027
116.250000,20,5.256357
116.250000,20,4.761811
116.950000,20,5.777890
75.800000,20,1.988485
73.850000,20,1.949143
75.050000,20,1.989038
117.650000,20,6.177197
121.250000,20,4.833248
76.600000,20,2.162707
121.800000,20,5.169707
75.600000,20,2.217757
123.200000,20,5.479772
121.300000,20,4.905742
76.000000,20,2.466959
76.100000,20,1.856226
114.300000,20,5.046521
77.050000,20,2.267392
117.400000,20,5.350122
121.650000,20,5.130002
75.900000,20,1.980600
116.300000,20,6.505546
116.450000,20,6.292063
116.650000,20,6.370357
75.750000,20,1.948746
76.100000,20,1.956275
117.100000,20,5.362717
75.950000,20,2.157096
121.950000,20,5.099036
75.700000,20,1.857550
77.700000,20,2.147033
116.950000,20,6.674613
75.550000,20,1.900389
78.100000,20,2.433867
75.450000,20,1.971128
115.150000,20,4.761712
78.300000,20,3.030360
116.350000,20,5.494479
116.650000,20,5.898775
79.200000,20,2.551146
116.550000,20,5.430290
117.400000,20,5.401977
76.550000,20,2.689178
77.100000,20,2.189759
75.300000,20,2.007672
116.900000,20,5.997121
121.450000,20,5.231466
76.300000,20,2.232078
116.600000,20,4.950984
76.300000,20,2.141122
121.050000,20,5.151398
75.400000,20,2.503082
74.750000,20,1.971952
115.950000,20,4.752619
77.550000,20,2.453009
75.250000,20,2.191877
76.650000,20,2.318846
113.900000,20,5.146547
122.100000,20,4.998294
116.300000,20,6.194418
116.600000,20,5.680878
117.250000,20,6.333657
115.900000,20,5.457860
116.350000,20,6.306051
121.950000,20,5.464272
75.500000,20,1.951501
74.300000,20,1.958898
79.450000,20,2.516310
75.500000,20,2.440186
123.400000,20,5.875593
75.300000,20,2.167558
121.450000,20,5.398626
76.500000,20,2.171649
74.900000,20,2.031263
117.000000,20,6.066406
117.100000,20,5.365029
74.700000,20,1.788009
77.050000,20,2.011511
76.900000,20,2.198264
116.700000,20,6.134206
116.050000,20,5.751093
123.100000,20,5.683792
76.650000,20,2.452135
75.500000,20,2.363032
123.050000,20,5.251825
75.700000,20,2.483601
75.950000,20,1.932696
76.250000,20,2.066632
74.350000,20,1.878151
117.150000,20,5.638780
76.000000,20,1.792692
121.850000,20,5.125707
123.100000,20,5.337693
116.800000,20,5.179014
76.700000,20,1.908393
77.800000,20,2.683004
116.050000,20,5.274948
116.050000,20,5.219017
116.600000,20,5.893579
115.200000,20,4.747317
121.600000,20,4.758245
122.950000,20,5.202724
117.050000,20,5.503148
115.350000,20,5.068715
76.300000,20,2.644236
117.500000,20,6.256853
117.600000,20,5.147101
116.650000,20,5.514977
121.450000,20,5.416262
116.650000,20,5.606639
116.650000,20,6.400591
116.800000,20,5.058346
121.850000,20,5.804786
75.000000,20,2.010349
75.550000,20,1.816366
77.250000,20,2.199929
77.050000,20,1.987019
77.450000,20,2.408624
115.250000,20,5.525678
117.150000,20,5.384759
74.200000,20,2.190865
74.750000,20,2.166301
77.700000,20,2.465864
78.500000,20,2.554923
75.000000,20,1.792231
115.700000,20,4.481312
75.950000,20,1.754415
116.850000,20,4.077130
116.000000,20,3.896348
77.200000,20,1.293031
117.200000,20,5.584370
121.100000,20,5.068180
116.650000,20,4.890636
121.700000,20,5.119674
119.100000,20,5.956771
74.950000,20,1.919203
116.750000,20,5.840662
74.900000,20,2.083913
121.500000,20,5.209404
116.200000,20,5.236601
116.400000,20,5.360193
75.250000,20,1.805832
122.200000,20,4.917588
122.050000,20,5.175287
76.500000,20,2.426231
115.600000,20,5.671459
77.550000,20,2.630252
75.700000,20,2.236278
117.500000,20,5.631967
74.250000,20,2.199479
76.200000,20,2.212406
76.750000,20,2.225450
123.000000,20,4.560410
116.550000,20,5.651163
75.050000,20,1.570472
77.400000,20,1.723244
76.650000,20,1.451676
122.050000,20,3.442823
122.000000,20,3.460877
116.600000,20,6.278712
120.400000,20,5.875283
75.200000,20,2.069856
78.450000,20,2.361085
116.350000,20,5.129990
77.700000,20,2.415989
75.700000,20,2.014788
76.650000,20,2.024280
121.850000,20,4.918064
115.400000,20,4.889141
116.850000,20,6.113806
75.700000,20,2.397883
117.950000,20,5.194848
117.800000,20,4.952554
116.650000,20,5.699663
121.600000,20,5.137482
76.200000,20,2.299302
116.450000,20,5.417525
117.500000,20,5.801826
115.800000,20,5.534404
76.950000,20,1.822026
117.450000,20,5.071762
79.400000,20,2.112226
75.850000,20,1.528703
117.250000,20,4.008674
117.450000,20,3.522281
115.600000,20,2.946959
123.300000,20,3.191114
76.300000,20,1.192009
77.200000,20,2.383618
75.950000,20,2.012156
75.400000,20,2.174220
117.550000,20,5.380286
74.400000,20,1.908768
76.300000,20,1.834323
117.050000,20,6.693285
76.150000,20,1.909858
116.700000,20,5.230218
75.300000,20,1.863690
116.200000,20,5.134248
75.150000,20,2.132517
123.050000,20,5.738666
73.550000,20,1.935482
121.800000,20,5.122550
116.350000,20,6.026726
77.450000,20,2.231601
117.200000,20,5.688854
78.100000,20,2.852066
76.950000,20,2.320882
116.600000,20,5.568747
76.050000,20,1.913519
78.750000,20,2.131636
121.700000,20,5.093987
75.800000,20,1.852839
76.500000,20,1.810694
76.600000,20,1.482297
76.550000,20,1.389376
121.550000,20,4.030399
76.050000,20,2.223919
76.400000,20,2.141712
123.500000,20,5.457171
116.300000,20,5.396964
116.500000,20,5.734326
116.750000,20,5.633098
76.350000,20,2.176422
76.250000,20,2.051346
76.100000,20,2.004421
76.500000,20,1.980082
77.150000,20,2.246187
76.450000,20,2.251142
76.750000,20,2.578338
77.300000,20,2.170791
75.650000,20,1.906760
115.650000,20,5.083623
121.700000,20,5.169344
77.400000,20,1.978712
116.550000,20,5.635711
75.150000,20,1.807571
75.800000,20,2.084452
77.000000,20,2.284559
77.550000,20,2.029148
79.600000,20,2.518443
78.900000,20,2.540352
75.800000,20,1.928921
76.000000,20,1.802893
75.200000,20,1.665669
115.950000,20,5.540696
121.900000,20,5.212965
77.200000,20,2.303963
122.900000,20,5.746723
115.650000,20,5.760752
121.450000,20,5.182531
121.850000,20,4.975467
121.650000,20,5.588426
117.200000,20,5.312829
116.800000,20,6.323387
115.550000,20,6.740321
75.500000,20,2.241208
76.450000,20,2.286420
116.600000,20,5.750287
116.600000,20,4.936547
116.550000,20,5.412106
115.800000,20,5.044959
116.100000,20,4.467560
76.100000,20,2.025423
77.300000,20,2.254806
78.400000,20,1.549653
76.150000,20,1.390653
117.450000,20,3.845926
116.450000,20,3.482614
74.400000,20,1.030532
74.950000,20,1.269446
76.500000,20,1.371755
121.600000,20,3.231708
75.100000,20,1.232168
116.100000,20,3.220382
76.950000,20,2.432108
75.300000,20,1.873597
117.250000,20,4.992569
116.350000,20,4.685133
121.950000,20,5.965441
77.900000,20,2.251439
77.500000,20,2.593220
116.900000,20,5.412966
121.368421,19,5.688542
76.600000,20,1.918415
77.300000,20,2.595091
116.250000,20,4.709503
76.200000,20,2.583231
116.100000,20,5.768265
76.400000,20,2.265078
76.450000,20,2.039685
77.650000,20,2.250918
75.550000,20,2.210884
