93.625000,8,1.252513
77.500000,6,0.413271
81.000000,2,0.149374
115.800000,20,6.371857
58.300000,10,0.541090
51.187500,16,0.690249
74.000000,3,0.255479
145.500000,2,0.511768
306.937500,16,49.009355
46.000000,4,0.085845
78.000000,8,0.649779
100.000000,2,0.205067
151.000000,6,2.458917
82.000000,2,0.191509
72.666667,6,0.594965
82.000000,2,0.171010
74.000000,2,0.135216
56.000000,2,0.070133
110.000000,11,2.538605
36.000000,9,0.182896
133.000000,2,0.789420
86.222222,9,1.198972
56.666667,3,0.107331
36.333333,3,0.057837
80.000000,2,0.156354
59.000000,2,0.076769
84.000000,3,0.229554
84.333333,6,0.959314
70.000000,8,0.548448
74.000000,2,0.111597
82.000000,3,0.263225
83.000000,3,0.252839
98.000000,4,0.547781
69.333333,3,0.145618
83.333333,3,0.241102
79.500000,2,0.139888
53.363636,11,0.393860
317.352941,17,67.043793
150.000000,3,0.880450
35.000000,5,0.092090
58.000000,2,0.074263
102.500000,2,0.247110
95.000000,14,2.507924
60.000000,2,0.080807
90.166667,6,0.890501
86.411765,17,1.763958
72.000000,4,0.210019
68.000000,2,0.091045
67.000000,2,0.093129
106.000000,12,2.808942
68.333333,3,0.268731
83.000000,2,0.143018
79.500000,2,0.238115
88.000000,2,0.180624
85.000000,2,0.153636
96.000000,5,0.956898
74.000000,2,0.119551
90.000000,2,0.163647
117.000000,2,0.316596
70.500000,2,0.124979
75.357143,14,1.228208
100.428571,7,1.333885
64.000000,2,0.157510
82.600000,5,0.562878
106.400000,5,0.748915
89.000000,2,0.164082
89.000000,3,0.310612
82.250000,8,0.765288
185.000000,3,2.154882
87.000000,3,0.273381
66.250000,4,0.194762
86.000000,12,1.638035
98.750000,4,0.551896
43.000000,4,0.086808
183.125000,8,6.316423
94.250000,4,0.478049
61.000000,2,0.080198
173.000000,3,1.827089
40.000000,3,0.070760
73.000000,2,0.131005
137.000000,5,1.298849
174.833333,12,7.741232
77.000000,2,0.112710
93.000000,2,0.216157
103.857143,7,1.343418
91.000000,5,0.572407
112.928571,14,2.051303
84.600000,5,0.435074
73.000000,2,0.134164
77.333333,3,0.190203
73.000000,2,0.116815
56.750000,4,0.136229
84.052632,19,2.330891
65.166667,6,0.312294
95.666667,3,0.333928
80.600000,5,0.559936
72.000000,2,0.258434
91.333333,3,0.269189
154.833333,6,2.787758
76.666667,3,0.195471
75.000000,2,0.126290
81.500000,4,0.547107
172.000000,2,0.763443
68.000000,2,0.111716
75.666667,3,0.186017
79.000000,2,0.170437
175.500000,2,1.278144
139.625000,8,3.391403
81.500000,2,0.142402
117.000000,3,0.559885
173.000000,2,0.800142
27.000000,2,0.036715
29.000000,3,0.050141
121.333333,6,1.603246
139.500000,16,5.666515
40.000000,4,0.092473
72.000000,2,0.108493
96.000000,2,0.208712
86.000000,3,0.288117
72.000000,4,0.226782
71.000000,2,0.125575
84.000000,3,0.231699
64.000000,6,0.417033
94.714286,7,0.917721
77.600000,5,0.419730
75.200000,20,2.075194
141.000000,4,1.239663
316.000000,2,2.812186
80.333333,3,0.215458
168.000000,2,0.775678
63.000000,2,0.124340
75.000000,3,0.452726
75.000000,4,0.288765
114.750000,4,0.759166
70.000000,2,0.108648
181.000000,2,1.456660
83.857143,7,0.622515
84.000000,2,0.144119
148.000000,7,2.908396
74.000000,2,0.120655
168.000000,4,1.620476
83.000000,3,0.284590
99.333333,3,0.383812
194.500000,4,2.914669
80.222222,9,1.064027
106.000000,2,0.255032
79.000000,2,0.131306
86.625000,8,0.883752
132.500000,2,0.552291
53.142857,7,0.256205
120.500000,2,0.327197
81.000000,2,0.166340
141.000000,17,6.746393
52.000000,4,0.109423
94.333333,3,0.765633
68.400000,5,0.439870
108.500000,4,0.834361
63.000000,3,0.141506
117.000000,7,1.849735
195.000000,5,4.674225
81.000000,2,0.135299
79.700000,20,2.194789
54.250000,4,0.128570
142.000000,2,0.483164
37.000000,2,0.043482
61.000000,2,0.077429
87.000000,8,0.826812
76.000000,2,0.140189
82.666667,6,0.572894
101.250000,4,0.675622
110.300000,10,2.947385
130.000000,3,0.733846
147.000000,3,0.825053
61.000000,2,0.083693
75.000000,3,0.164198
70.666667,6,0.335271
88.000000,4,0.588234
108.000000,5,0.752075
58.000000,2,0.080852
114.000000,2,0.325823
74.000000,2,0.285295
36.000000,3,0.061839
61.000000,2,0.082215
71.000000,2,0.135817
76.000000,2,0.150445
97.750000,4,0.689849
86.000000,2,0.166270
164.600000,5,2.104932
22.000000,2,0.035803
94.500000,2,0.225281
238.333333,9,9.940635
130.363636,11,2.322621
145.250000,4,1.567988
160.000000,7,3.866553
49.000000,10,0.381524
106.000000,7,2.024893
81.500000,6,0.901352
85.600000,5,0.478407
134.666667,3,0.662579
109.000000,10,1.668690
86.000000,2,0.166800
104.333333,3,0.399065
99.142857,7,1.033768
100.000000,2,0.251391
425.666667,3,14.673597
144.250000,20,10.607313
62.000000,2,0.090119
92.600000,5,0.658572
86.000000,2,0.151318
96.000000,4,0.538519
138.875000,16,5.292615
102.000000,4,0.522359
304.000000,3,4.619050
120.500000,2,0.544802
79.000000,2,0.134459
77.000000,2,0.145226
100.250000,4,0.514167
123.357143,14,4.141112
89.000000,2,0.163936
255.333333,3,3.074636
61.000000,2,0.113617
61.600000,5,0.229584
158.857143,14,8.623375
123.571429,7,1.591593
71.000000,2,0.114698
87.000000,2,0.154267
132.500000,4,0.988307
98.000000,7,0.898898
118.071429,14,3.377336
97.000000,5,0.591955
78.500000,2,0.131221
164.400000,5,3.110376
78.333333,6,0.680583
76.000000,2,0.156926
85.000000,4,0.404759
94.000000,2,0.215547
77.000000,3,0.178499
85.500000,4,0.290976
57.769231,13,0.603683
351.666667,3,9.196730
72.000000,2,0.104579
57.000000,5,0.223499
62.750000,4,0.197368
135.642857,14,4.448844
73.500000,10,0.699212
61.000000,2,0.102934
95.000000,3,0.326530
69.000000,2,0.185733
83.000000,3,0.430139
68.000000,2,0.102269
97.285714,14,2.552133
152.500000,6,3.115744
82.500000,2,0.150521
43.200000,10,0.296913
76.666667,6,0.494730
88.500000,4,0.408501
101.000000,5,0.737119
57.666667,6,0.260087
94.666667,3,0.336042
84.000000,5,0.421263
124.000000,5,1.204298
198.000000,5,5.756289
92.000000,15,2.210368
78.000000,2,0.122916
61.400000,5,0.355213
130.333333,6,2.012515
83.375000,8,1.000511
128.000000,2,0.296935
122.000000,2,0.343333
149.500000,2,0.523031
70.461538,13,0.901886
96.000000,13,2.442845
79.000000,2,0.128268
74.916667,12,0.993397
70.800000,5,0.315503
93.500000,4,0.458307
148.500000,16,7.252109
78.500000,6,0.436422
66.000000,2,0.271698
88.000000,2,0.162069
114.944444,18,3.909853
68.333333,3,0.147287
80.500000,2,0.165378
90.555556,9,1.086186
172.000000,2,0.725282
102.470588,17,3.469180
118.200000,10,2.532897
69.000000,2,0.100838
102.666667,3,0.355205
228.000000,3,2.341347
160.000000,3,0.836705
130.600000,5,1.237867
56.000000,2,0.063862
84.588235,17,2.627607
57.000000,2,0.213435
67.000000,2,0.094932
51.000000,2,0.057184
74.941176,17,1.732029
56.000000,4,0.153414
396.000000,3,9.112665
80.250000,4,0.316414
90.875000,8,1.252970
93.666667,6,1.038174
115.000000,12,2.832481
88.500000,2,0.168362
55.333333,3,0.108182
46.333333,3,0.072966
84.800000,5,0.457627
36.750000,4,0.088353
368.937500,16,62.498660
80.400000,10,0.732944
67.846154,13,0.853846
72.000000,3,0.176562
113.000000,2,0.256250
49.000000,2,0.059276
67.000000,2,0.105814
77.333333,3,0.252104
71.250000,4,0.289983
83.500000,4,0.500373
76.000000,2,0.147940
179.500000,2,0.725127
76.000000,2,0.136102
132.444444,9,3.892423
54.000000,4,0.263680
67.500000,2,0.095596
85.250000,20,2.874860
144.000000,3,1.012391
104.000000,2,0.260451
91.222222,18,2.299912
33.000000,4,0.075206
145.500000,8,2.707742
69.250000,4,0.220928
70.000000,2,0.107315
99.500000,4,0.703010
65.500000,2,0.105488
86.000000,3,0.281331
65.000000,19,1.221357
94.000000,8,0.889105
105.133333,15,2.819093
205.000000,5,2.900691
247.066667,15,23.158279
83.000000,2,0.157009
144.000000,5,1.632988
71.000000,2,0.129466
80.000000,3,0.385265
314.750000,4,8.702647
50.000000,2,0.070498
136.000000,2,0.343535
90.500000,2,0.191751
94.857143,7,1.261376
199.666667,6,5.806619
151.428571,7,2.679023
213.000000,2,1.171421
90.666667,3,0.311795
88.000000,2,0.167679
78.000000,2,0.132034
88.166667,6,0.674628
97.000000,3,0.339486
118.666667,3,0.883253
88.500000,2,0.219244
68.000000,4,0.234590
103.615385,13,2.644441
65.000000,5,0.209524
119.000000,4,0.806821
93.687500,16,2.834860
210.000000,3,1.840254
88.500000,2,0.168143
21.000000,4,0.053812
59.000000,2,0.065928
90.666667,3,0.329183
109.500000,2,0.267838
74.000000,2,0.108559
76.000000,2,0.121631
138.538462,13,4.551541
116.375000,8,1.896430
113.800000,5,1.502771
209.000000,3,3.457392
93.000000,2,0.192846
79.666667,6,0.651725
67.000000,2,0.093934
77.000000,3,0.180744
65.000000,2,0.211489
222.000000,9,10.111800
133.714286,7,2.211228
97.000000,2,0.216609
135.444444,9,2.021280
99.666667,3,0.393329
79.750000,12,1.225708
60.000000,2,0.084252
74.000000,2,0.099134
139.222222,9,3.143595
80.000000,2,0.215544
97.000000,3,0.343564
81.750000,4,0.304441
100.000000,2,0.256701
143.000000,3,0.677325
273.333333,3,3.739033
83.666667,3,0.240230
100.333333,3,0.359761
97.750000,4,0.516213
119.000000,2,0.340886
86.666667,3,0.360412
323.666667,6,14.698895
72.636364,11,0.796354
61.500000,2,0.085735
162.700000,10,5.266800
81.000000,3,0.278404
25.000000,3,0.047125
335.727273,11,31.363088
71.000000,2,0.105494
66.666667,3,0.167495
109.333333,6,0.951028
38.000000,2,0.049686
78.666667,6,0.472473
103.000000,2,0.275311
104.833333,6,0.905221
149.333333,3,0.933529
67.500000,4,0.258696
80.500000,2,0.141504
79.941176,17,1.733693
96.400000,5,0.645420
60.857143,14,0.831779
59.000000,3,0.124626
60.250000,8,0.332366
58.000000,3,0.123341
65.000000,3,0.147813
148.631579,19,8.583884
37.000000,2,0.044990
79.300000,10,0.965672
36.000000,5,0.092129
114.428571,7,1.708190
87.000000,4,0.384287
92.000000,2,0.179829
210.200000,5,3.152116
88.714286,7,0.682569
63.000000,2,0.080894
68.800000,5,0.288867
75.000000,2,0.139573
83.600000,15,1.748703
93.000000,2,0.193854
124.692308,13,3.034161
234.562500,16,19.437250
64.000000,2,0.095730
76.000000,2,0.123068
98.000000,2,0.211314
76.055556,18,2.044268
98.666667,3,0.856006
263.588235,17,33.767435
86.000000,2,0.166531
73.800000,5,0.337376
59.500000,4,0.208461
165.000000,3,1.129507
74.400000,10,0.655764
192.000000,4,2.898836
65.300000,10,0.685347
108.166667,6,0.995227
137.000000,2,0.446143
83.500000,4,0.569139
93.333333,3,0.331050
74.600000,5,0.406327
86.000000,2,0.174346
130.500000,2,0.501805
94.850000,20,2.539552
64.750000,4,0.240790
107.500000,2,0.571747
146.333333,3,0.803579
97.000000,3,0.321234
95.000000,2,0.204025
111.000000,2,0.263870
92.052632,19,3.014794
88.923077,13,1.810606
78.000000,2,0.137616
93.666667,3,0.516310
73.333333,3,0.223262
68.000000,2,0.091357
93.500000,2,0.176391
270.666667,9,14.938205
89.000000,2,0.174238
159.250000,4,1.484426
108.750000,4,0.645271
58.250000,12,0.764433
133.500000,6,2.083868
83.250000,4,0.658501
236.684211,19,32.893949
157.777778,18,9.123057
126.000000,2,0.716345
88.307692,13,2.476721
78.500000,4,0.479974
69.700000,20,2.007062
99.062500,16,2.844040
58.500000,2,0.081105
88.000000,2,0.169571
60.000000,2,0.079388
64.800000,5,0.385751
60.000000,2,0.077180
135.333333,3,1.136760
112.000000,2,0.291339
69.916667,12,0.990751
83.000000,2,0.138991
73.800000,5,0.432687
72.500000,6,0.583208
23.000000,6,0.095767
118.000000,5,1.018924
65.000000,2,0.084677
77.000000,3,0.193144
110.666667,3,0.745127
80.000000,3,0.440946
286.529412,17,47.094099
61.866667,15,0.837010
76.500000,2,0.128429
149.200000,5,1.669157
60.000000,4,0.174638
148.062500,16,5.541664
84.000000,2,0.161119
79.000000,2,0.155783
94.850000,20,3.282103
68.000000,2,0.109786
86.000000,2,0.151440
58.500000,2,0.073083
85.363636,11,1.620086
58.000000,4,0.150717
80.333333,3,0.382617
99.000000,2,0.455485
67.300000,10,0.664815
100.285714,7,1.089611
141.230769,13,4.572274
88.250000,16,2.208844
73.200000,10,1.004891
317.750000,4,7.753318
211.400000,10,8.241950
132.000000,2,0.762849
30.000000,19,0.438808
110.000000,3,0.439886
169.000000,2,0.657488
30.000000,5,0.079157
81.000000,2,0.143021
130.500000,4,1.670435
145.400000,10,3.765963
440.333333,3,15.562021
111.000000,5,0.837577
146.818182,11,4.778307
82.583333,12,1.635719
270.800000,15,28.370198
108.500000,2,0.304138
134.000000,5,1.978730
74.500000,2,0.129003
94.857143,7,1.039090
55.214286,14,0.836544
37.000000,2,0.039056
111.933333,15,3.202049
338.375000,8,17.517269
83.000000,2,0.137488
63.500000,4,0.197973
64.000000,2,0.094334
90.250000,4,0.617910
462.000000,3,18.191439
75.000000,2,0.114836
85.266667,15,1.963985
67.000000,2,0.094641
116.444444,9,1.805018
68.000000,3,0.154553
150.000000,3,1.445923
75.583333,12,1.046549
116.400000,10,2.141820
74.000000,2,0.117442
87.666667,9,1.106045
97.000000,2,0.212116
98.600000,5,0.861582
96.000000,4,0.489734
90.083333,12,1.758536
300.500000,4,7.889652
83.000000,6,0.719410
98.857143,7,0.974342
66.666667,6,0.312099
91.000000,8,1.149799
65.666667,3,0.245897
167.571429,7,3.797188
97.500000,2,0.195721
108.500000,2,0.262589
74.000000,2,0.130602
59.000000,2,0.089841
76.846154,13,1.104144
93.500000,4,0.663737
104.200000,5,1.062050
96.000000,2,0.210304
408.100000,20,96.362458
76.857143,7,0.573604
85.000000,2,0.334448
81.000000,2,0.139387
103.700000,10,1.645458
80.000000,2,0.143178
62.000000,2,0.081518
85.000000,5,0.431220
198.000000,2,0.906870
84.000000,2,0.172443
279.500000,4,4.938847
94.200000,5,0.779727
57.000000,2,0.074545
68.000000,5,0.310934
65.000000,4,0.218030
55.500000,2,0.076101
92.727273,11,1.877085
70.000000,3,0.183819
177.357143,14,9.554829
109.000000,8,1.794092
149.666667,3,1.102630
112.500000,2,0.423471
65.500000,2,0.103569
55.000000,4,0.144778
86.000000,4,0.373937
277.764706,17,36.334757
67.846154,13,1.033080
62.000000,2,0.080160
161.000000,2,1.125889
79.000000,6,0.497989
183.500000,6,4.372483
56.000000,3,0.110061
70.600000,10,0.703562
25.000000,4,0.056914
145.000000,4,1.718955
101.750000,4,0.582435
98.800000,5,0.929798
76.428571,7,0.561159
21.000000,2,0.035592
96.000000,2,0.216927
76.750000,8,0.563000
91.000000,2,0.167614
86.000000,2,0.174462
56.000000,2,0.069988
123.500000,2,0.406697
107.500000,4,0.983269
63.666667,3,0.141128
29.000000,5,0.071198
119.000000,2,0.349620
135.500000,2,0.765975
88.153846,13,2.055348
81.000000,3,0.212121
73.230769,13,0.998667
79.000000,5,0.310264
112.750000,4,0.995566
98.500000,8,1.079881
98.000000,2,0.224279
71.000000,3,0.164989
55.857143,14,0.874652
255.000000,4,5.248553
67.500000,2,0.122320
86.750000,4,0.573020
71.615385,13,1.108247
94.000000,16,2.629920
81.800000,5,0.487725
92.333333,3,0.305084
87.333333,3,0.286851
103.200000,5,0.810095
274.000000,3,4.962775
368.333333,15,59.949290
50.500000,2,0.060102
74.000000,3,0.188206
98.000000,5,0.735717
75.000000,2,0.130976
193.222222,18,14.874142
88.500000,2,0.326005
99.750000,4,0.564187
68.062500,16,1.118970
133.000000,3,1.260541
151.250000,4,2.263512
78.400000,5,0.596841
89.833333,12,2.110940
114.000000,16,3.896355
47.000000,2,0.053285
53.200000,5,0.192661
170.750000,4,1.823689
82.000000,2,0.134160
77.500000,2,0.138988
90.000000,4,1.052404
84.000000,2,0.156094
67.000000,10,0.662935
55.833333,6,0.239373
74.500000,2,0.107928
122.000000,8,1.961885
109.500000,4,1.177438
126.500000,4,0.967954
341.625000,16,50.452942
76.500000,2,0.137951
64.600000,5,0.245216
80.500000,2,0.134637
80.062500,16,1.790178
88.000000,2,0.158605
122.000000,13,3.920686
205.250000,4,2.663897
138.000000,3,0.828547
138.000000,3,0.674911
87.666667,18,2.417715
80.000000,3,0.248022
86.000000,4,0.323173
97.000000,2,0.220757
80.666667,3,0.222876
38.000000,2,0.042670
67.500000,2,0.128429
70.000000,3,0.167659
91.666667,3,0.352603
31.000000,3,0.050345
53.000000,2,0.063123
227.750000,4,3.311284
55.600000,5,0.212205
80.000000,2,0.130072
102.350000,20,4.442424
65.000000,2,0.076398
87.000000,7,0.767210
77.500000,8,0.819409
192.500000,4,2.820929
79.000000,5,0.405735
87.800000,5,0.638334
118.000000,5,1.415462
136.000000,2,0.446597
102.000000,3,0.352387
110.000000,4,0.690483
104.500000,4,0.517329
104.785714,14,2.563218
91.000000,3,0.292482
87.400000,10,1.450835
66.000000,5,0.236471
160.000000,4,2.359852
91.000000,2,0.186231
98.416667,12,2.044510
84.000000,5,0.458983
95.000000,2,0.212181
78.000000,2,0.129682
151.666667,3,1.057024
309.800000,5,11.944055
132.666667,3,0.598792
94.538462,13,2.215832
85.666667,6,0.606803
74.125000,16,1.691975
53.000000,2,0.063745
113.076923,13,5.173755
62.666667,6,0.288523
135.307692,13,3.628345
168.750000,4,1.943630
70.250000,8,0.528439
106.400000,20,3.917777
78.000000,3,0.190058
73.750000,4,0.392599
70.571429,14,1.155828
66.875000,8,0.580495
116.000000,3,0.467406
69.000000,2,0.101416
224.250000,4,4.356499
71.400000,5,0.324348
80.375000,16,2.416188
96.500000,2,0.191807
311.100000,10,31.957967
108.666667,6,1.163627
311.666667,3,5.116013
74.600000,5,0.235109
84.000000,3,0.443405
64.600000,5,0.227995
74.090909,11,1.011363
97.666667,3,0.552510
37.000000,6,0.109297
127.400000,5,1.853746
96.500000,2,0.218097
210.000000,6,7.068301
82.000000,2,0.162878
107.500000,2,0.281505
145.285714,7,2.817287
76.000000,3,0.211219
52.000000,18,0.868930
417.000000,3,9.306307
104.000000,5,0.687139
197.600000,5,5.176970
95.750000,4,0.504630
69.000000,3,0.143530
199.000000,2,1.814073
111.000000,2,0.299048
52.500000,2,0.063506
102.400000,5,0.686311
91.454545,11,1.680596
74.200000,5,0.513021
262.000000,2,3.441219
74.000000,2,0.135504
121.750000,4,1.138636
115.800000,10,2.963389
108.692308,13,3.441550
100.000000,2,0.248913
87.500000,2,0.185934
112.500000,2,0.269375
46.300000,10,0.317209
131.000000,2,0.417145
89.600000,15,2.140577
81.000000,2,0.165720
98.333333,3,0.346235
88.400000,15,2.604796
91.000000,3,0.271676
298.666667,9,18.540805
78.000000,2,0.117401
37.000000,5,0.087836
251.000000,3,2.866901
100.736842,19,3.642459
144.750000,4,1.265970
74.500000,4,0.296184
136.000000,4,0.974194
71.000000,2,0.102313
150.333333,3,0.724061
59.000000,3,0.112854
71.944444,18,1.558718
94.200000,5,0.521666
77.857143,7,0.733930
86.500000,2,0.154362
83.000000,5,0.468119
96.500000,4,0.689624
170.176471,17,9.775865
109.600000,5,0.690450
68.000000,2,0.100983
146.833333,6,2.448283
71.166667,6,0.388006
90.000000,2,0.170806
72.333333,3,0.171993
75.500000,6,0.536368
78.000000,2,0.285717
67.250000,4,0.239980
91.000000,2,0.167371
186.666667,3,2.347166
58.000000,2,0.081808
84.000000,2,0.180945
58.000000,11,0.494774
129.666667,3,0.747460
51.400000,5,0.181427
94.076923,13,1.745062
84.500000,2,0.155078
30.000000,7,0.104558
148.150000,20,9.248158
69.916667,12,1.035031
151.500000,2,0.521368
98.571429,7,0.884030
62.000000,4,0.177100
85.666667,3,0.257966
60.000000,2,0.084362
91.666667,3,0.306674
90.500000,6,0.684898
147.764706,17,7.953843
86.000000,2,0.163629
53.000000,2,0.074961
65.500000,4,0.253536
193.300000,10,8.546810
126.500000,6,1.857739
240.000000,5,4.384275
88.000000,2,0.359288
91.000000,2,0.165184
95.500000,2,0.209969
81.000000,2,0.142692
172.153846,13,7.771080
65.000000,2,0.103456
56.000000,2,0.069758
80.750000,4,0.325317
96.000000,2,0.198817
121.181818,11,2.715591
44.894737,19,0.632415
186.800000,5,2.631141
67.000000,2,0.104740
75.000000,2,0.112749
88.555556,9,1.193245
66.857143,7,0.384352
77.500000,2,0.134501
161.833333,6,2.905586
66.500000,2,0.094325
75.000000,3,0.453291
73.444444,9,1.107029
84.000000,2,0.134606
161.000000,9,5.788332
86.000000,2,0.142324
54.000000,4,0.150324
146.000000,13,4.549423
71.500000,2,0.099803
81.111111,9,0.875543
164.600000,10,5.172762
97.000000,2,0.188858
94.000000,2,0.189161
83.875000,8,0.711300
80.833333,6,0.536822
222.428571,7,7.008623
102.666667,9,1.599165
70.888889,9,0.653783
65.000000,8,0.462356
111.000000,3,0.464424
59.000000,2,0.072175
94.000000,2,0.430352
80.000000,2,0.135387
76.222222,9,0.737329
106.111111,9,1.729022
36.750000,4,0.084069
80.000000,3,0.191735
37.000000,12,0.336354
120.500000,4,0.999354
106.200000,5,1.124219
89.000000,2,0.196914
67.066667,15,0.988248
45.333333,9,0.261765
99.636364,11,1.470090
45.000000,7,0.275239
128.473684,19,6.922876
133.500000,2,0.420522
106.181818,11,2.732738
102.333333,3,0.328381
103.777778,18,3.415646
178.250000,4,2.849194
91.333333,6,0.631539
88.400000,5,0.759144
68.000000,2,0.098356
69.000000,3,0.139392
67.333333,3,0.176550
122.000000,4,1.075253
66.000000,2,0.095091
78.000000,11,1.426731
80.000000,2,0.148039
73.000000,6,0.396925
131.500000,8,2.879297
28.000000,3,0.049798
52.000000,2,0.063507
106.333333,3,0.697105
168.200000,5,2.071374
130.800000,5,1.246186
144.000000,2,0.441115
128.000000,9,2.323139
98.083333,12,2.072097
60.000000,4,0.171035
84.666667,6,0.574619
214.500000,2,1.237202
96.500000,2,0.217249
83.250000,8,0.681486
60.666667,3,0.102164
58.250000,4,0.175837
79.615385,13,1.226437
172.500000,4,3.628662
222.750000,4,3.773975
69.666667,18,1.963098
131.333333,3,0.728277
165.000000,5,2.727520
67.333333,3,0.165177
93.000000,4,0.398480
65.000000,6,0.307475
90.000000,3,0.250591
81.187500,16,2.288134
83.000000,2,0.170531
37.000000,2,0.045045
84.500000,8,1.430430
190.923077,13,8.345128
104.000000,3,0.336130
96.764706,17,3.044560
98.000000,5,0.846744
181.944444,18,15.395532
123.000000,2,0.302874
75.000000,2,0.114459
244.000000,3,2.627290
72.333333,3,0.215201
39.000000,2,0.042337
180.000000,4,1.819745
179.100000,10,6.802166
146.785714,14,5.158189
153.312500,16,7.852532
54.800000,5,0.167731
74.800000,5,0.715442
60.000000,4,0.182890
67.666667,3,0.136098
92.666667,3,0.516989
74.000000,2,0.112602
74.000000,2,0.121696
148.750000,4,2.036014
82.100000,10,1.129476
91.333333,6,0.890606
101.000000,2,0.244709
118.250000,4,0.891162
57.000000,2,0.071748
73.000000,2,0.112450
171.105263,19,13.474732
197.200000,5,2.912792
248.000000,2,1.697837
83.000000,9,0.906817
75.166667,6,0.579441
57.285714,7,0.431398
79.000000,13,1.195607
55.125000,8,0.305507
141.333333,6,2.131616
79.800000,5,0.480948
99.416667,12,2.117290
35.000000,5,0.083851
90.789474,19,3.235096
69.000000,3,0.197118
128.111111,9,2.504944
70.000000,3,0.144188
82.000000,2,0.312251
144.000000,2,0.508651
72.000000,2,0.122306
72.000000,5,0.290076
85.600000,5,0.431765
116.000000,2,0.309683
57.600000,5,0.286988
98.000000,2,0.212103
117.000000,8,2.445449
89.263158,19,2.437887
87.437500,16,1.965405
123.000000,2,0.382493
110.800000,10,1.987710
122.500000,2,0.689303
108.714286,7,1.276393
53.666667,6,0.340605
72.000000,4,0.223872
62.666667,3,0.129837
72.666667,3,0.173484
71.000000,2,0.129951
141.692308,13,5.280972
69.250000,4,0.421475
84.000000,16,1.836151
59.000000,3,0.124926
67.666667,3,0.168273
87.666667,6,0.642287
136.857143,7,3.174917
254.000000,4,5.506927
63.000000,2,0.083645
162.500000,4,2.374190
99.666667,18,3.636977
93.000000,2,0.185266
71.500000,4,0.256124
85.500000,2,0.167148
99.500000,2,0.218316
92.000000,4,0.541605
85.000000,2,0.172907
226.210526,19,20.227052
72.125000,8,0.647981
72.750000,4,0.278534
108.687500,16,3.380121
44.000000,3,0.070735
160.250000,4,2.481274
129.800000,5,1.272661
74.000000,2,0.135973
57.000000,2,0.081648
78.000000,2,0.129778
130.750000,4,1.433786
101.000000,4,0.517867
125.400000,5,1.237353
246.750000,4,6.433092
195.000000,5,3.160880
122.333333,3,0.871545
112.500000,2,0.303618
58.600000,5,0.198098
86.333333,3,0.264970
63.166667,6,0.341255
76.333333,3,0.192820
88.529412,17,2.518430
69.000000,2,0.101794
82.333333,9,1.058253
82.166667,6,0.768152
93.444444,9,1.577764
85.666667,6,0.891576
83.800000,5,0.437866
95.000000,2,0.200710
87.000000,2,0.175214
120.000000,2,0.329600
489.000000,4,35.690489
83.000000,3,0.230377
100.500000,4,0.528139
83.000000,2,0.161134
126.500000,2,0.697806
248.000000,5,4.896358
74.333333,3,0.185594
25.000000,2,0.036747
82.687500,16,1.949924
92.000000,2,0.190251
112.000000,3,0.444844
153.000000,2,0.594198
132.066667,15,5.084485
198.500000,6,4.427102
91.333333,3,0.466007
93.944444,18,2.688408
65.250000,4,0.219601
111.333333,3,0.438608
111.846154,13,2.588209
173.600000,5,2.400878
85.200000,5,0.726442
333.000000,3,5.534484
53.000000,6,0.209692
20.000000,16,0.260010
212.000000,2,1.528735
77.000000,2,0.145072
125.600000,5,2.117476
100.111111,9,1.550785
45.600000,10,0.495618
315.176471,17,49.274139
93.538462,13,1.655859
128.000000,8,3.454716
56.666667,3,0.118329
192.636364,11,10.112000
80.357143,14,1.695088
70.666667,3,0.197521
140.428571,7,2.134609
69.666667,3,0.263731
78.000000,2,0.228440
312.375000,8,18.083130
75.454545,11,1.236589
180.000000,14,8.917982
100.000000,2,0.371262
106.153846,13,2.301296
95.153846,13,2.140286
77.000000,2,0.132370
63.000000,4,0.229580
97.200000,5,0.902298
74.000000,4,0.230193
111.500000,4,0.609020
101.555556,9,2.628978
96.400000,5,0.735340
106.500000,4,0.822179
117.923077,13,3.065536
75.000000,2,0.114480
69.000000,2,0.129747
189.800000,5,3.463663
117.000000,2,0.306599
64.000000,2,0.089777
83.250000,4,0.575127
67.850000,20,1.803549
73.500000,2,0.120064
86.714286,7,1.086248
381.000000,9,37.253381
106.000000,4,0.528749
83.750000,4,0.314873
146.000000,3,0.791261
60.333333,3,0.075557
90.333333,3,0.208056
67.833333,12,0.601465
250.666667,3,3.630857
83.500000,2,0.166096
37.000000,2,0.045370
213.000000,3,2.120515
133.800000,5,1.444877
95.500000,2,0.235634
204.222222,18,18.685005
224.866667,15,19.406716
64.500000,2,0.087715
71.666667,3,0.305573
84.600000,5,0.523125
57.200000,5,0.140018
112.833333,12,2.108994
115.000000,2,0.648529
74.875000,16,1.896276
87.000000,6,0.546014
88.000000,2,0.172601
106.000000,3,0.417061
70.000000,4,0.277457
109.500000,6,1.095333
37.000000,2,0.045825
86.722222,18,2.500715
258.888889,18,26.456587
68.333333,6,0.513937
289.375000,8,14.737560
196.000000,2,0.931607
83.909091,11,1.027483
148.375000,8,4.098951
91.000000,2,0.167800
115.928571,14,2.784656
95.142857,7,1.577936
175.000000,5,2.350760
47.000000,3,0.099081
77.625000,8,0.696089
82.500000,2,0.153457
89.500000,2,0.265888
59.000000,3,0.113338
75.666667,3,0.175695
101.000000,2,0.265489
78.666667,12,1.245403
72.250000,4,0.264882
67.000000,4,0.213389
140.533333,15,5.212970
67.500000,2,0.103904
91.000000,7,0.970878
134.000000,6,1.602821
93.400000,10,1.621504
92.000000,6,0.699060
67.000000,2,0.116836
191.000000,3,2.394025
75.500000,2,0.142747
126.000000,2,0.608104
56.000000,2,0.071265
82.000000,2,0.147504
173.000000,2,0.645828
73.000000,2,0.147492
85.333333,18,2.384902
111.600000,5,1.175672
78.666667,3,0.214774
115.333333,3,0.479736
252.222222,9,11.670396
29.000000,3,0.049431
172.285714,7,2.942091
112.000000,6,0.959909
79.142857,7,0.777789
170.750000,4,1.747632
94.857143,14,2.365087
107.000000,18,3.786948
72.000000,3,0.331401
166.857143,7,4.541698
140.000000,5,1.520326
161.777778,9,4.801657
309.500000,4,9.428179
99.500000,4,0.659992
86.800000,5,0.585408
93.187500,16,2.315354
336.000000,3,7.601246
98.750000,4,0.417491
73.333333,3,0.181294
235.500000,4,4.158046
138.250000,8,2.579184
79.600000,5,0.419714
150.500000,4,1.813132
287.700000,20,41.733915
81.833333,6,0.744439
146.500000,8,3.538651
125.666667,3,0.692076
207.111111,9,8.308177
80.000000,3,0.200229
95.400000,5,0.534807
73.315789,19,1.715209
98.000000,2,0.202385
70.823529,17,1.338902
84.500000,2,0.154195
53.000000,8,0.276330
124.000000,3,0.557375
85.600000,15,1.514942
98.714286,7,0.943586
129.714286,7,2.136538
76.200000,5,0.388095
78.666667,3,0.205168
90.000000,2,0.185236
83.636364,11,1.094721
64.000000,2,0.085762
119.500000,2,0.363050
30.000000,3,0.049167
76.050000,20,2.365837
111.000000,3,0.484286
195.000000,19,18.350329
77.000000,4,0.317134
148.666667,3,1.291016
179.400000,5,2.478577
123.000000,2,0.379832
91.900000,10,1.127719
71.818182,11,0.903442
186.500000,2,1.572067
80.000000,2,0.134612
93.812500,16,2.673798
138.461538,13,5.477690
58.666667,3,0.107723
152.666667,3,0.958430
57.000000,10,0.427489
215.866667,15,16.132510
99.571429,7,0.738668
135.500000,4,0.927836
89.800000,5,0.848251
40.000000,2,0.042597
138.000000,7,1.894900
64.250000,4,0.165225
474.000000,4,25.121057
94.272727,11,1.711676
46.875000,8,0.227747
73.000000,3,0.175028
87.750000,4,0.350948
122.600000,5,1.632349
103.000000,2,0.251927
190.750000,4,2.072464
73.500000,4,0.437613
89.272727,11,1.280525
74.500000,4,0.269469
139.333333,3,0.716238
56.200000,5,0.221649
56.500000,2,0.077702
140.000000,3,0.628093
68.000000,2,0.100940
134.642857,14,4.712103
30.000000,4,0.063272
55.250000,8,0.343310
103.500000,2,0.286196
131.000000,3,0.690251
63.000000,2,0.087469
81.000000,3,0.224973
55.000000,4,0.113592
77.333333,3,0.174719
303.285714,7,17.209314
73.000000,2,0.134180
75.000000,2,0.229711
68.000000,2,0.101818
84.333333,3,0.443801
98.500000,2,0.272294
37.000000,2,0.040692
236.000000,3,4.572977
73.000000,3,0.170866
76.350000,20,2.367481
87.000000,5,0.603332
79.000000,16,1.753674
108.866667,15,3.818580
68.000000,2,0.225224
86.400000,5,0.731797
86.000000,2,0.147081
119.000000,3,0.514642
92.222222,18,2.506678
83.500000,6,0.404813
95.833333,6,0.824380
71.500000,2,0.296497
67.750000,4,0.424288
73.166667,12,0.897408
123.333333,3,0.587219
103.000000,2,0.232828
82.000000,3,0.253619
141.416667,12,4.925528
79.000000,3,0.212781
232.000000,2,2.180641
94.500000,8,1.287997
203.800000,5,3.784653
66.000000,2,0.097457
105.400000,5,0.680863
57.000000,7,0.304012
88.600000,5,0.482271
94.000000,3,0.263104
87.500000,2,0.373947
73.444444,18,1.936565
107.500000,10,1.973433
69.500000,4,0.246712
72.600000,5,0.332386
82.142857,7,0.815689
85.500000,2,0.171909
203.200000,5,4.682710
63.000000,2,0.091985
93.333333,3,0.318753
99.000000,3,0.296931
86.333333,3,0.246168
37.000000,2,0.046118
159.000000,2,0.605339
144.666667,3,0.747280
89.000000,2,0.172571
428.666667,3,14.640520
92.000000,3,0.315360
82.666667,6,0.564222
199.090909,11,10.259553
109.285714,14,3.100891
121.500000,2,0.291118
83.000000,2,0.147442
125.444444,18,5.687979
116.500000,4,0.927802
148.812500,16,6.685465
121.500000,2,0.384465
85.000000,2,0.155663
274.800000,5,8.025909
227.000000,2,1.136652
100.000000,2,0.236127
158.666667,3,0.745568
309.000000,2,3.041844
209.500000,6,6.480667
78.263158,19,1.992980
78.600000,5,0.557614
77.500000,2,0.166792
92.166667,12,1.380267
74.000000,6,0.530107
121.666667,6,2.374137
74.333333,3,0.200110
141.000000,2,0.425721
73.000000,2,0.130153
105.333333,6,0.821969
202.000000,2,1.084615
97.000000,2,0.199300
82.500000,4,0.633481
76.666667,3,0.368533
105.000000,3,0.414123
494.000000,6,39.651552
84.000000,4,0.257251
348.200000,5,10.206626
82.000000,3,0.154812
74.352941,17,1.107069
221.000000,3,1.065047
81.571429,7,0.835217
82.000000,10,0.906155
37.000000,2,0.040654
114.000000,2,0.287538
131.272727,11,4.030333
79.000000,3,0.173968
113.000000,2,0.292201
68.545455,11,0.940446
73.000000,2,0.268524
83.000000,2,0.143114
98.000000,4,0.470564
70.200000,20,1.678495
97.300000,10,1.872895
80.750000,4,0.234869
63.000000,4,0.205538
113.714286,7,1.923047
97.500000,12,1.830976
128.450000,20,7.904967
94.909091,11,1.847184
95.000000,2,0.194074
82.000000,3,0.241269
147.666667,3,0.976789
89.250000,4,0.444540
85.500000,2,0.158918
128.000000,3,0.541505
85.000000,17,2.005507
73.000000,3,0.160004
110.500000,6,0.951602
85.000000,5,0.486165
153.500000,2,0.635735
86.000000,3,0.255197
415.333333,6,43.962534
105.600000,5,0.901287
65.333333,3,0.315477
81.000000,2,0.146728
135.437500,16,5.414851
65.833333,6,0.257579
65.000000,4,0.199431
71.000000,3,0.146500
89.000000,2,0.161248
117.000000,2,0.236310
281.333333,3,3.324631
139.333333,3,0.991654
60.000000,12,0.469073
97.857143,7,0.656095
65.400000,5,0.261410
65.714286,7,0.396912
98.000000,3,0.241754
168.800000,10,4.591140
114.222222,9,2.481689
73.000000,2,0.104378
76.000000,2,0.123633
64.000000,3,0.137165
82.750000,4,0.370508
88.666667,3,0.356611
100.500000,6,1.138247
68.000000,2,0.095204
91.090909,11,1.780036
92.388889,18,2.305475
105.400000,15,2.839303
126.200000,5,1.240246
402.500000,2,4.024904
126.600000,10,3.756994
121.500000,12,2.486739
96.000000,5,0.662078
78.846154,13,1.558140
234.375000,16,19.550225
61.000000,2,0.083655
117.000000,2,0.289039
94.444444,9,1.760136
69.562500,16,1.493947
102.200000,5,0.720585
35.000000,5,0.086848
126.142857,14,4.062128
57.333333,3,0.108797
139.000000,8,2.085728
76.833333,12,1.269400
132.333333,9,2.465687
76.500000,4,0.319403
92.833333,6,0.623744
68.833333,6,0.302609
75.750000,4,0.260674
184.200000,10,8.843511
89.285714,7,0.771911
99.800000,15,1.905247
85.888889,9,0.927804
84.250000,4,0.478232
109.000000,2,0.222468
75.500000,2,0.117950
62.666667,3,0.244254
175.500000,2,0.687262
450.125000,8,27.774986
128.000000,6,1.111836
67.000000,2,0.063037
79.000000,3,0.154567
81.615385,13,0.878793
57.200000,5,0.112140
219.714286,7,3.519570
145.000000,4,1.392469
103.611111,18,3.409851
75.750000,4,0.261165
36.888889,9,0.173548
86.000000,9,0.911949
37.000000,2,0.039260
141.333333,6,1.501072
37.000000,2,0.041335
123.000000,5,0.875137
119.666667,3,0.547784
106.785714,14,2.591264
80.000000,13,1.201470
70.500000,4,0.226556
99.200000,5,0.723232
98.400000,5,0.860703
68.000000,2,0.113592
140.500000,2,0.565253
100.500000,10,2.234059
58.500000,2,0.077998
150.500000,2,0.591144
72.000000,2,0.125033
284.625000,8,12.784283
87.500000,4,0.389651
170.533333,15,7.472697
73.750000,4,0.366921
152.000000,5,1.486962
100.285714,7,1.038627
95.000000,2,0.182279
400.923077,13,47.363701
82.000000,3,0.118106
111.250000,4,0.444339
203.000000,3,1.978097
155.166667,6,0.987183
88.500000,4,0.330374
97.333333,6,0.434340
194.000000,3,1.449148
94.166667,6,0.756000
203.857143,7,2.927522
62.000000,10,0.340279
86.857143,7,0.407853
88.000000,6,0.352125
141.200000,5,0.764730
70.000000,2,0.063847
90.642857,14,1.126757
79.000000,2,0.077501
137.666667,3,0.989685
181.333333,3,0.636043
35.000000,6,0.064619
82.888889,18,1.639703
87.000000,2,0.170020
58.000000,2,0.098115
127.000000,2,0.394792
77.000000,11,1.275001
42.600000,10,0.444705
125.500000,2,0.751071
87.625000,8,0.831385
71.692308,13,1.005034
74.000000,2,0.122759
44.500000,8,0.302978
135.000000,2,0.414591
94.500000,2,0.464944
187.000000,3,1.427387
86.000000,3,0.269916
71.000000,2,0.107836
77.000000,2,0.150083
87.000000,2,0.148542
63.000000,2,0.088581
100.000000,3,0.307561
149.285714,7,4.463440
58.000000,4,0.156231
77.500000,2,0.270700
294.666667,3,3.873476
76.000000,2,0.105359
107.000000,4,0.534486
101.125000,16,2.189645
78.500000,4,0.312115
71.000000,2,0.088486
63.000000,7,0.305064
96.187500,16,2.805841
66.000000,3,0.118188
72.363636,11,0.775869
90.000000,2,0.378159
108.800000,5,0.956369
84.333333,3,0.224426
58.000000,2,0.067868
37.000000,2,0.040615
83.000000,3,0.196766
105.200000,5,0.745682
72.800000,5,0.300593
72.714286,7,0.530876
214.500000,12,9.244527
273.200000,5,8.273550
92.000000,2,0.120922
67.000000,3,0.092916
83.000000,9,0.645273
