66,4,0.187821
268,12,8.859440
111,3,0.247339
90,3,0.177571
77,26,4.931120
148,2,0.305159
88,3,0.183884
102,4,0.315566
300,17,1339.190660
74,3,0.074548
61,2,0.035070
78,20,1.518118
71,2,0.044781
156,2,0.203156
141,16,4.267999
135,2,0.216519
78,4,0.220887
99,2,0.116412
25,2,0.042439
80,11,1.135198
72,2,0.090305
101,4,0.331483
72,4,0.188761
237,15,299.405311
65,4,0.147177
82,5,0.267580
97,5,0.379844
89,3,0.136229
89,48,17.894359
70,2,0.080518
97,4,0.291311
68,7,0.443015
56,8,0.499701
37,6,0.224400
85,2,0.118856
386,16,53.953738
53,8,0.414505
182,18,8.873453
86,26,5.397532
66,35,6.441600
71,7,0.444967
171,4,0.924125
113,13,2.197288
61,11,0.910718
53,2,0.050464
72,7,0.472472
134,22,6.993662
95,5,0.408330
87,6,0.583894
68,17,1.976072
83,4,0.230356
112,2,0.152220
95,11,1.384936
99,8,0.951333
128,7,1.029381
107,5,0.491751
56,2,0.074277
105,6,0.568446
74,2,0.079249
133,7,1.897326
81,6,0.435534
78,2,0.087508
92,2,0.123987
98,18,3.929775
84,4,0.213597
105,9,1.098785
83,5,0.639620
169,7,1.703347
83,2,0.107738
65,4,0.177383
156,10,8.365700
135,24,7.650188
240,3,1.808701
105,2,0.142497
93,10,1.258824
413,3,4.460771
89,2,0.100409
361,38,994.632168
68,3,0.071672
68,26,2.139132
76,2,0.053777
35,3,0.038836
107,18,2.153004
75,3,0.082998
72,2,0.089106
80,2,0.090574
69,2,0.072848
83,6,0.419536
170,4,0.798787
60,4,0.165377
64,6,0.294161
93,5,0.332052
79,20,3.290192
37,4,0.114954
110,11,1.498553
110,10,1.403357
64,3,0.111952
83,2,0.095939
187,17,56.907004
21,4,0.094156
76,14,1.548868
73,2,0.086952
89,21,3.656249
59,7,0.381628
104,15,2.588773
133,19,7.046033
96,3,0.211087
239,24,24.670733
85,2,0.097687
444,6,379.679119
194,3,0.482777
174,6,1.080927
82,2,0.121938
79,14,1.775799
106,9,1.294136
75,3,0.141503
116,3,0.287340
68,2,0.077697
135,21,7.734213
72,10,0.770034
108,5,0.478633
128,2,0.229875
84,11,1.237919
36,2,0.048186
93,28,6.510786
63,2,0.069842
84,4,0.274471
60,2,0.061976
102,24,12.977095
73,2,0.085777
99,2,0.110875
59,4,0.158596
53,2,0.052407
76,2,0.093647
144,29,13.390279
84,29,5.869598
202,3,0.849797
209,8,3.563341
208,4,1.290067
96,6,0.553506
103,7,0.716986
136,5,0.780178
65,2,0.074758
75,20,3.154168
147,3,0.408875
79,26,5.050087
240,19,145.433193
84,2,0.106282
62,10,0.688673
169,2,0.360131
97,18,3.426110
155,7,1.824498
71,2,0.078377
99,5,0.462423
170,9,2.749851
68,6,0.355561
87,31,5.818135
85,6,0.666038
71,2,0.072206
136,2,0.219703
132,28,10.061857
197,11,7.547264
205,5,1.911970
94,23,4.583157
82,16,2.148991
91,5,0.392325
79,2,0.108405
59,2,0.064847
62,6,0.290537
207,4,1.277673
72,2,0.077058
54,21,2.632703
94,21,4.669963
119,2,0.178052
122,10,1.926476
85,2,0.106579
100,4,0.308746
83,15,1.863966
109,7,0.901894
86,2,0.111830
89,3,0.197623
80,2,0.097189
76,3,0.143203
135,12,3.395215
46,3,0.092471
82,5,0.348387
92,2,0.131001
72,4,0.197397
155,22,10.048602
78,7,0.525088
180,2,0.418153
202,2,0.517891
89,10,1.017278
120,5,0.554748
87,3,0.193139
87,15,2.309894
52,2,0.073130
173,3,0.624737
119,45,31.718250
295,21,36.940609
356,42,199.255740
29,2,0.041386
87,4,0.217352
44,5,0.143601
414,20,52.271127
62,8,0.324447
320,17,774.686097
83,2,0.058846
80,2,0.051645
85,6,0.223158
86,3,0.178614
73,3,0.115982
67,2,0.064974
86,14,1.751109
124,2,0.194674
85,24,5.011771
103,9,1.212106
104,12,1.976725
68,2,0.076082
57,19,2.311087
270,3,1.622288
213,3,1.032189
42,16,1.276384
118,4,0.457900
101,17,2.757970
221,3,1.006710
100,3,0.205227
81,9,0.976874
46,4,0.140953
106,27,7.532973
275,5,3.029154
134,23,9.749589
58,6,0.302926
112,10,1.388423
72,5,0.270504
70,3,0.127401
146,7,1.359283
130,7,1.055876
70,2,0.094509
357,23,234.844954
40,4,0.097888
181,4,0.948606
164,2,0.337218
92,4,0.248260
97,4,0.280569
128,2,0.244335
82,14,1.600255
82,12,1.118768
140,29,12.782406
92,2,0.112961
115,5,0.518882
81,2,0.089389
83,2,0.113366
94,21,4.128800
73,6,0.357708
316,27,102.440049
113,8,1.029535
212,24,36.006852
140,3,0.368327
120,4,0.381074
120,4,0.486660
59,39,8.387656
73,2,0.086693
92,4,0.274193
89,30,7.839254
73,6,0.352521
30,4,0.111528
37,2,0.039629
84,4,0.224426
30,3,0.073633
111,4,0.344672
76,2,0.089247
60,2,0.072154
84,10,1.030439
354,4,4.161015
69,14,1.503855
76,2,0.081727
83,33,7.352581
105,9,1.047693
74,2,0.084372
129,7,1.046281
149,13,13.993981
100,3,0.224815
253,3,1.305027
63,3,0.108949
58,12,1.253484
106,9,0.961241
94,3,0.194238
76,6,0.427396
62,3,0.108553
73,6,0.347981
100,4,0.368481
96,7,0.655724
134,6,0.933153
144,2,0.267755
54,2,0.053938
73,12,1.054325
109,2,0.143942
60,2,0.090924
21,2,0.041074
88,19,3.222516
253,10,6.449471
98,3,0.213068
67,3,0.130703
68,2,0.073854
77,2,0.083719
94,3,0.197321
124,2,0.173352
77,2,0.100344
101,3,0.206862
154,4,0.678593
108,20,4.562055
69,4,0.197304
252,28,92.031422
85,2,0.099065
66,2,0.078603
170,9,2.918765
126,2,0.206124
84,5,0.321333
116,23,42.198462
98,18,4.671557
37,4,0.113621
73,5,0.297074
228,15,9.216451
111,3,0.262834
193,37,54.205072
57,2,0.067223
125,5,0.608577
112,3,0.268196
147,4,0.664053
37,12,0.766610
74,2,0.081531
132,2,0.252481
83,2,0.105302
144,9,2.344023
89,7,0.573355
107,8,0.844846
241,9,5.866652
44,10,0.661685
98,3,0.209874
75,22,3.546298
172,4,1.198562
98,4,0.296589
94,2,0.138844
77,11,1.118196
67,2,0.076404
80,3,0.154753
354,3,3.292753
95,11,1.357419
331,21,707.424511
79,3,0.164377
105,29,8.668036
115,4,0.407590
161,37,58.315708
94,4,0.255948
71,14,1.459518
78,2,0.084632
70,3,0.116420
111,2,0.195843
30,4,0.109567
53,9,0.552456
76,31,7.440426
93,35,10.854686
61,8,0.467757
123,3,0.300649
142,21,7.668240
74,2,0.088903
85,4,0.235388
68,8,0.535333
151,6,1.142667
108,38,13.126132
131,7,1.087875
85,3,0.167067
131,2,0.188864
125,6,0.845607
118,2,0.176075
104,3,0.204743
47,2,0.062027
65,4,0.163199
127,25,8.736865
100,8,0.883702
94,3,0.170363
62,8,0.513081
37,6,0.232611
93,18,2.945158
29,3,0.077608
87,2,0.110171
93,6,0.458596
147,3,0.428443
83,6,0.478256
153,4,0.683133
92,6,0.505410
114,15,3.057952
104,2,0.133837
152,13,5.595195
86,19,3.176379
84,3,0.163858
87,13,1.570345
51,3,0.092115
93,2,0.111729
78,28,5.708181
100,5,0.425081
120,19,4.817173
95,22,4.613573
255,19,28.435845
90,29,7.576368
118,3,0.263609
136,40,21.734449
63,3,0.120606
111,4,0.340376
85,3,0.165692
64,8,0.464402
195,4,1.140321
82,2,0.094406
92,29,7.202444
71,2,0.077201
89,3,0.174205
141,18,5.260808
59,3,0.103255
125,7,1.874853
73,19,2.292329
83,2,0.097613
84,3,0.169312
73,5,0.280906
59,2,0.067318
207,2,0.540592
83,17,2.422585
91,5,0.373301
123,16,4.067372
61,2,0.065499
45,7,0.324438
92,8,0.780711
87,17,2.583206
52,24,3.247293
87,2,0.111103
346,18,256.378313
130,12,2.754304
81,2,0.097066
128,14,2.863481
160,2,0.332109
134,24,14.118365
53,2,0.052254
139,11,2.065990
90,2,0.094030
141,20,5.904001
63,2,0.062910
70,12,0.945802
126,3,0.315298
84,4,0.243507
55,4,0.138294
84,6,0.355003
96,6,0.455219
24,3,0.067475
57,2,0.059354
205,2,0.506206
131,10,2.132256
75,2,0.076458
189,6,1.884030
37,5,0.179996
101,4,0.322409
37,2,0.037508
70,28,5.393425
69,12,0.971482
196,2,0.522846
63,6,0.289784
75,39,10.059033
70,21,3.184334
116,3,0.288925
106,5,0.499408
68,10,0.786831
90,2,0.124856
79,5,0.317444
223,2,0.638915
79,2,0.092277
75,4,0.191136
370,2,2.221397
153,36,19.988922
91,6,0.491571
66,5,0.238012
96,12,1.740992
103,2,0.130502
202,8,2.628393
93,2,0.112731
87,9,1.863440
97,12,1.565955
75,2,0.075382
89,17,2.509789
156,2,0.302042
99,12,1.589461
88,2,0.107134
73,3,0.129227
155,15,4.898828
116,27,9.024989
91,9,0.909009
304,23,32.882718
132,5,0.732672
309,14,34.324614
92,2,0.129184
150,25,11.987333
98,3,0.209063
38,9,0.450078
93,8,0.891957
139,25,9.013804
397,3,4.386899
92,17,2.747762
81,5,0.309866
97,5,0.617695
92,2,0.117522
83,5,0.328342
198,2,0.515191
89,2,0.115069
157,8,2.086627
90,2,0.120784
119,6,0.717722
105,4,0.296121
112,5,0.508655
90,7,0.758943
72,7,0.473601
155,6,1.096334
105,20,4.234911
116,3,0.282933
141,3,0.401861
88,3,0.143104
127,11,1.947028
248,16,73.834150
56,2,0.058300
82,3,0.154075
179,2,0.455146
75,2,0.085001
62,2,0.081126
144,6,1.117114
75,24,4.055458
78,2,0.106359
89,4,0.240037
84,8,0.652401
118,6,0.985945
79,13,1.473691
94,10,1.191554
60,5,0.218446
100,3,0.220212
98,3,0.206596
80,3,0.153729
466,3,5.398770
80,14,1.659668
189,8,4.812321
187,34,26.866431
65,8,0.501245
75,27,5.181611
115,22,8.568535
94,3,0.183945
218,21,21.373651
80,10,0.945682
86,2,0.123454
91,2,0.124351
107,2,0.148282
144,11,3.862152
77,3,0.136480
64,17,1.825389
73,2,0.075530
89,2,0.112809
151,14,5.197963
95,6,0.513090
60,2,0.069922
78,28,5.837747
132,3,0.358261
92,8,0.858562
82,13,1.400801
75,5,0.292896
37,2,0.049126
63,2,0.061386
92,3,0.181783
80,2,0.098882
162,14,4.467053
100,7,0.668293
82,3,0.173796
89,10,1.061219
77,6,0.387697
96,4,0.288389
87,2,0.096434
98,5,0.401782
99,9,5.323310
79,2,0.089184
262,6,3.665751
190,3,0.756056
136,5,0.699576
84,2,0.095752
177,19,10.143296
436,3,5.288754
90,2,0.111079
113,14,2.929326
132,5,0.655721
99,2,0.113055
69,3,0.126043
90,4,0.293544
100,23,5.377709
161,7,1.699085
72,2,0.078948
98,15,2.593181
79,4,0.237509
74,2,0.078627
69,3,0.120418
60,4,0.170050
86,28,6.238303
215,18,12.719011
117,5,0.617401
109,11,3.041127
67,4,0.187130
77,7,0.465358
115,25,7.398138
57,39,8.103622
80,2,0.097195
73,10,0.762653
76,2,0.086789
69,7,0.414937
91,26,5.501606
107,4,0.354384
85,3,0.171985
174,2,0.367319
84,3,0.160177
187,3,0.767384
114,15,5.956773
122,2,0.184150
118,3,0.289727
76,2,0.089274
137,6,0.942154
141,4,0.565949
173,2,0.412357
86,4,0.243515
293,17,77.300672
109,16,2.838365
138,20,6.836318
81,17,2.408479
66,4,0.180252
110,9,1.121949
100,7,0.707255
165,16,5.081268
140,4,0.572923
71,13,1.277365
149,2,0.290950
94,2,0.136517
352,5,5.692017
108,2,0.160210
137,25,8.230461
74,2,0.079037
35,5,0.160209
102,3,0.232450
73,11,0.934939
102,4,0.326541
73,19,2.634240
89,2,0.109607
75,30,6.587514
104,2,0.133678
37,3,0.075590
92,5,0.376032
132,25,9.582600
96,2,0.120355
79,2,0.099131
53,4,0.148448
63,2,0.086101
79,3,0.150506
109,2,0.148687
68,6,0.304344
126,25,8.396026
281,25,32.000359
127,17,5.582123
83,3,0.160522
141,6,1.054333
88,10,1.017915
80,3,0.164192
107,4,0.354822
59,5,0.234834
73,7,0.436462
258,6,3.555192
72,35,8.577459
80,23,5.680959
125,6,0.784665
87,15,2.087634
105,16,2.702093
404,2,2.585453
23,2,0.035048
122,17,5.208573
125,30,12.118031
91,4,0.247346
78,2,0.086873
66,2,0.074927
71,9,0.663375
67,5,0.236806
83,3,0.138718
152,3,0.433057
72,11,0.920122
88,2,0.108380
162,30,334.125368
98,2,0.094430
87,2,0.074568
54,18,1.119536
92,2,0.084234
137,21,4.503992
100,20,2.644041
93,3,0.122541
55,4,0.092563
122,4,0.498999
87,18,2.886460
87,3,0.172511
74,2,0.099447
180,14,6.657833
62,2,0.070211
99,26,6.806454
115,12,1.784278
70,3,0.123600
65,3,0.116876
99,3,0.219020
143,4,0.773071
176,19,48.335997
78,2,0.089216
103,28,7.812154
53,2,0.067368
159,6,1.300059
87,3,0.169461
123,7,1.083442
157,14,4.275351
93,3,0.174866
107,3,0.213837
132,17,4.362973
71,4,0.195183
83,12,1.263199
88,16,2.330234
91,3,0.176024
152,18,6.170861
225,4,1.456653
90,13,1.688551
61,2,0.066452
75,4,0.205620
63,3,0.114219
96,2,0.105673
78,2,0.102853
109,46,24.560058
87,20,3.053559
78,2,0.092726
148,4,0.601321
121,18,7.778537
331,7,7.572421
121,2,0.195854
114,3,0.270342
70,22,3.198949
94,5,0.386614
99,24,5.819002
91,18,3.038873
416,9,23.096066
62,2,0.079644
70,4,0.184594
64,3,0.106589
203,24,18.636739
78,2,0.097138
78,7,0.490530
100,17,3.743515
80,22,3.743961
98,19,3.594731
103,6,0.598484
329,2,1.265257
87,5,0.327041
87,2,0.098952
106,2,0.159407
235,15,10.243606
81,2,0.093536
151,29,13.679317
55,2,0.059846
167,2,0.351411
74,2,0.070674
85,5,0.323275
70,4,0.182609
96,2,0.140623
84,20,3.322962
37,7,0.293654
57,2,0.071873
94,2,0.113074
72,4,0.190011
168,3,0.542923
222,9,4.422165
93,19,3.412438
111,2,0.157470
138,14,7.779896
75,2,0.090646
93,29,7.018677
136,36,17.701875
123,16,3.435596
80,20,3.342794
37,2,0.045737
94,2,0.117562
68,2,0.075816
98,4,0.319048
74,3,0.131122
115,33,17.172044
96,8,0.787655
72,16,1.865373
117,26,8.491264
398,3,4.152636
68,2,0.078519
72,2,0.089593
122,21,6.570169
91,2,0.114162
167,5,0.966978
141,3,0.427539
92,3,0.206389
84,18,2.835553
104,6,0.822994
113,18,5.611241
72,4,0.183050
84,13,1.727462
70,2,0.077282
155,5,0.879915
115,21,6.510059
256,4,1.927449
82,5,0.313245
88,4,0.256824
89,2,0.101411
58,2,0.063243
65,6,0.303003
85,8,0.725882
86,5,0.355224
81,9,0.804413
97,25,8.356683
105,3,0.240822
78,2,0.094746
116,3,0.267779
142,6,1.152663
71,5,0.260843
123,3,0.329523
145,15,4.042936
118,12,1.930152
114,13,3.251934
288,4,2.345965
115,2,0.155095
81,8,0.665687
81,3,0.156277
148,2,0.260536
85,17,2.510981
124,4,0.446059
57,8,0.484278
65,2,0.066566
161,5,1.568940
146,13,3.436281
121,4,0.473071
97,6,0.517264
145,4,0.650986
75,2,0.101438
69,19,2.569612
82,4,0.208490
43,4,0.119928
98,3,0.204597
79,14,1.688416
79,11,1.051068
214,11,5.597364
52,2,0.061687
88,41,13.149805
149,3,0.454380
71,10,0.771070
92,30,11.700209
103,17,3.157274
79,6,0.417491
95,2,0.120416
78,11,1.057304
107,16,8.405687
76,2,0.080708
96,14,2.013911
59,2,0.057489
87,8,0.715390
63,2,0.065691
124,3,0.322168
71,4,0.212939
107,2,0.145298
58,3,0.104672
255,4,1.921266
84,2,0.101363
108,2,0.128107
99,18,8.728482
77,6,0.402709
135,29,11.652534
81,4,0.231261
99,16,2.673001
97,3,0.218621
66,4,0.184438
120,10,2.409297
152,5,0.882435
145,22,13.472106
71,3,0.140157
75,2,0.087148
105,5,0.471402
91,2,0.118169
67,4,0.190363
120,3,0.285978
81,5,0.319021
68,2,0.074341
64,42,9.686059
68,2,0.079011
97,5,0.389785
97,20,3.837569
59,2,0.081264
75,2,0.081861
95,18,3.591222
79,3,0.142244
70,5,0.262195
143,25,15.140444
100,2,0.122172
74,4,0.184624
81,2,0.094903
109,18,3.595986
120,16,3.669385
84,2,0.101253
86,5,0.349802
81,4,0.234884
114,8,0.858358
68,4,0.154612
40,2,0.046159
74,2,0.083017
58,2,0.063071
90,5,0.394429
81,7,0.511599
206,5,1.500073
233,26,76.397059
105,10,1.224910
150,2,0.273837
83,3,0.157700
73,2,0.087860
114,24,7.170173
495,6,17.026148
148,4,0.644244
201,21,14.074009
178,26,330.349226
99,2,0.081476
78,6,0.258446
123,16,2.425458
75,4,0.127841
62,5,0.207255
94,6,0.321883
87,2,0.068167
114,18,4.807591
121,2,0.126688
86,5,0.205601
138,25,13.262778
95,2,0.111888
77,2,0.089150
92,2,0.114329
140,9,1.989754
70,29,5.445042
95,2,0.113420
112,23,5.718111
76,2,0.089499
288,6,12.049332
64,49,13.738757
116,20,4.503519
77,4,0.213942
106,13,2.045205
67,2,0.075923
56,2,0.064886
142,22,9.095992
133,6,0.938837
178,6,1.513728
351,2,1.896780
215,7,6.178048
95,3,0.180188
66,5,0.235271
120,20,5.104584
150,3,0.467857
112,17,3.506425
95,8,1.047208
91,5,0.395882
139,26,9.706245
88,4,0.263328
152,24,10.411809
139,7,1.250042
98,2,0.123088
99,11,1.415674
71,26,4.691977
21,4,0.098603
80,3,0.152864
84,5,0.312969
97,3,0.218724
81,2,0.095374
97,2,0.135932
68,4,0.180081
81,13,1.512944
86,14,3.256270
63,11,0.796101
60,2,0.056074
197,27,24.958601
80,2,0.091814
130,40,31.508546
117,2,0.168003
71,2,0.075204
59,2,0.071344
100,4,0.315768
95,2,0.124870
71,8,0.556542
79,2,0.075788
78,4,0.222056
160,3,0.487572
82,4,0.225860
58,2,0.058737
204,4,1.156340
248,5,2.403681
115,14,2.329313
71,2,0.078243
70,2,0.075424
231,3,1.227539
80,7,0.482788
219,12,6.076562
245,19,71.571183
124,27,9.936538
73,2,0.080357
162,4,0.702646
218,14,11.213441
76,4,0.201933
84,2,0.106852
90,3,0.178971
84,3,0.165484
56,6,0.308658
123,27,9.658673
37,2,0.047983
85,16,2.242940
75,2,0.087117
97,2,0.127893
107,2,0.143437
97,2,0.120837
317,35,2183.021753
315,8,5.092049
106,48,15.875209
250,22,14.798471
151,3,0.302940
84,2,0.059877
98,4,0.201469
76,2,0.056437
165,3,0.386703
91,9,0.534052
91,4,0.175042
144,2,0.182027
72,10,0.420141
236,47,923.656906
184,30,10.917858
37,2,0.026617
65,2,0.041179
27,2,0.022157
81,3,0.084810
98,35,6.216493
65,3,0.071200
142,2,0.143845
88,5,0.218364
61,2,0.037643
180,3,0.453241
100,23,2.836434
127,2,0.125128
136,2,0.258603
68,2,0.074915
187,10,10.801388
96,2,0.139804
79,2,0.089669
122,2,0.173963
211,21,16.449957
91,19,3.170162
81,12,1.330983
79,2,0.091653
111,30,9.300637
219,12,14.971529
79,2,0.085139
108,9,1.295281
139,4,0.519741
115,7,0.907801
85,11,1.093036
47,9,0.464631
94,5,0.379383
68,28,4.755075
68,2,0.083549
192,4,1.132138
94,5,0.384831
116,14,2.505414
36,5,0.158281
170,5,1.125102
80,2,0.100660
141,5,2.769165
56,2,0.057909
124,5,0.622513
71,17,2.016236
64,28,4.424438
204,5,1.658223
94,3,0.204605
83,3,0.144997
89,2,0.114249
91,2,0.110985
80,7,0.491476
81,2,0.094627
90,2,0.115546
62,3,0.091505
86,2,0.118137
212,2,0.628665
196,5,1.973654
111,3,0.268552
74,7,0.441816
81,5,0.321511
70,15,1.498410
277,2,1.184824
73,2,0.095964
81,3,0.159784
198,5,1.675904
61,2,0.067141
117,4,0.438831
60,3,0.094735
99,3,0.195937
88,3,0.173645
121,10,3.204457
133,20,7.532877
281,2,1.125531
70,2,0.084572
83,2,0.098609
76,2,0.094621
92,32,8.687383
104,4,0.363918
96,44,17.686277
88,28,7.451686
159,2,0.285965
130,6,1.251763
129,21,6.028340
160,4,0.777620
74,2,0.086532
80,2,0.083830
85,2,0.108621
194,8,3.167602
280,22,34.684173
91,2,0.100110
83,6,0.446062
84,2,0.096595
101,7,0.698611
76,2,0.092520
118,2,0.188991
87,20,3.385289
244,16,11.800368
30,7,0.240604
89,2,0.102410
86,6,0.409036
187,5,1.442855
82,2,0.099915
130,5,0.668361
106,4,0.338161
155,9,2.715757
95,6,0.567739
70,6,0.334079
105,47,39.859284
72,2,0.086007
65,3,0.110465
63,5,0.235340
108,32,11.452937
421,19,111.425542
81,30,6.304960
151,16,22.432543
97,2,0.120852
37,3,0.070180
102,4,0.309661
206,11,16.324291
102,22,4.671998
60,5,0.205850
95,7,0.908154
37,2,0.044681
189,21,109.579523
45,8,0.298661
82,3,0.160926
69,3,0.119473
98,5,0.413749
82,4,0.232635
70,4,0.186227
84,3,0.143201
66,2,0.066749
138,31,13.634763
396,25,117.246094
82,6,0.416258
76,2,0.091506
131,18,38.622176
84,2,0.104030
78,2,0.089965
92,6,0.464688
168,5,1.230145
132,2,0.224007
90,3,0.199507
109,2,0.131775
89,8,0.715461
90,2,0.112825
104,10,1.200508
108,5,0.498971
75,4,0.201052
37,9,0.426771
37,2,0.044894
74,20,2.859868
113,5,0.490314
68,2,0.078602
60,4,0.172264
88,2,0.103464
86,2,0.109021
83,17,2.358459
97,7,0.872276
170,2,0.368454
71,3,0.127747
319,5,4.187412
149,16,7.785734
109,3,0.268864
95,9,0.983181
89,4,0.261891
127,22,6.349127
86,5,0.336036
127,2,0.208412
63,2,0.064808
93,18,3.274111
96,3,0.193533
58,2,0.063685
78,2,0.093363
35,5,0.141633
118,17,4.444975
174,43,51.673973
171,4,0.862732
78,2,0.084038
77,4,0.189282
72,2,0.078857
143,2,0.265005
120,14,2.722738
86,2,0.102831
58,4,0.138239
98,3,0.203445
129,13,2.908309
29,3,0.067905
42,35,5.769161
81,2,0.095448
104,2,0.153209
88,21,4.440293
116,5,0.560853
89,2,0.104378
97,5,0.475329
231,15,35.521429
124,3,0.348147
196,2,0.521787
74,26,4.873275
95,21,4.182180
86,22,3.937598
149,13,6.460876
110,16,3.015490
83,12,1.426275
68,15,1.462942
55,3,0.093868
87,2,0.108773
25,4,0.096905
85,29,6.369324
185,4,0.976994
46,10,0.585521
274,15,15.742242
92,46,17.275936
58,3,0.109457
29,5,0.162098
146,2,0.257683
78,2,0.087296
134,9,1.673755
103,5,0.467242
102,2,0.131092
108,14,2.334531
65,4,0.173171
100,4,0.337186
103,3,0.231643
117,4,0.393729
474,4,8.698197
65,5,0.241201
84,2,0.096384
74,3,0.140431
166,3,0.586716
96,5,0.427668
112,6,0.662621
88,2,0.105441
91,6,0.782120
74,12,1.107153
94,5,0.464334
102,4,0.353037
201,3,0.750149
75,2,0.098216
61,2,0.057919
190,2,0.471379
285,8,6.402565
74,2,0.089783
323,4,3.690433
118,3,0.286920
63,2,0.066872
86,9,0.838037
70,13,1.231727
75,3,0.141994
129,10,1.903126
119,2,0.179774
153,36,22.365716
52,4,0.127492
74,2,0.087258
133,22,7.182133
124,3,0.294952
84,27,6.120680
144,24,9.505467
80,2,0.101340
336,3,3.030868
62,10,0.694449
78,22,3.539013
101,6,0.598380
81,25,4.980250
100,2,0.142350
145,31,14.582527
134,30,12.259610
82,2,0.097484
65,5,0.223507
148,2,0.277782
146,5,1.465824
63,2,0.069975
151,25,20.776123
150,6,1.990378
96,5,0.711288
127,2,0.201981
45,19,1.778913
122,7,1.815402
151,3,0.427635
118,15,2.957725
112,11,1.762999
93,2,0.122806
88,6,0.511545
78,2,0.099988
69,4,0.191507
87,5,0.386326
65,4,0.177551
63,3,0.115046
32,29,3.950278
110,8,1.012180
58,2,0.065294
75,8,0.540990
61,2,0.068514
50,2,0.053803
113,3,0.267370
222,2,0.731280
87,2,0.101356
152,8,2.678913
64,3,0.114010
95,7,0.721589
71,2,0.089863
69,20,2.733939
61,2,0.071216
143,17,24.746214
133,3,0.333788
142,16,4.382575
105,24,6.126706
91,3,0.178428
95,2,0.126181
73,38,9.792747
74,2,0.078963
84,5,0.322872
213,6,2.280961
394,7,281.606140
75,2,0.067744
114,3,0.201818
91,6,0.359428
132,4,0.378192
83,4,0.180435
107,14,1.606962
77,2,0.059162
99,10,1.212260
57,14,1.207757
112,5,0.470512
153,2,0.313409
60,2,0.064128
82,14,1.612052
84,21,3.553872
93,15,2.412137
88,6,0.450220
66,6,0.312102
86,2,0.124299
97,19,3.460446
81,4,0.236165
137,18,5.736584
80,28,5.788437
173,3,0.645198
92,3,0.173785
191,4,1.063898
77,3,0.143075
70,2,0.082581
73,20,2.845462
165,6,1.697322
97,3,0.207801
54,4,0.139666
79,8,0.589719
97,33,10.284454
93,14,1.984863
80,5,0.326616
138,5,0.744296
109,7,0.814423
65,21,2.978233
162,7,1.735144
139,42,49.132187
75,2,0.085199
68,2,0.070352
89,4,0.252949
103,14,2.360664
97,2,0.140711
154,19,8.790711
147,13,5.979589
136,7,0.796919
207,19,12.223900
73,6,0.387202
89,5,0.358960
390,3,4.641304
108,15,2.777428
113,5,0.557750
89,2,0.095736
112,18,3.900279
98,8,0.827877
138,7,1.173334
66,4,0.174934
52,5,0.204674
91,21,4.175034
110,2,0.148039
82,3,0.252274
82,8,0.715157
103,16,2.885993
135,25,8.482846
168,2,0.362129
53,6,0.252834
91,3,0.179023
151,11,9.407680
121,47,46.920336
98,6,0.576360
94,3,0.190768
162,6,1.338870
99,5,0.438713
220,26,26.941067
84,2,0.097210
92,2,0.114122
117,9,1.254559
78,2,0.091442
80,3,0.151865
180,2,0.397208
60,2,0.063952
134,4,0.513413
69,2,0.073836
143,7,1.271267
155,8,2.570230
117,18,4.010778
72,2,0.073604
52,21,2.466684
82,6,0.419287
74,16,1.899080
167,18,7.396446
83,2,0.109751
119,4,0.445960
93,48,103.207301
96,5,0.409194
60,14,1.177345
89,2,0.107449
118,13,2.423937
308,2,1.446440
78,6,0.400842
47,3,0.081735
37,2,0.049079
92,2,0.128129
96,9,0.990992
316,2,1.555093
80,39,16.998563
73,2,0.087517
87,3,0.179502
153,3,0.525660
182,3,0.552474
141,2,0.252253
83,10,1.026521
86,12,1.742557
88,13,1.650046
79,39,10.940942
150,16,4.847154
229,24,297.304657
62,5,0.216379
67,11,0.838961
153,9,1.958899
143,5,0.813155
98,3,0.202888
209,11,13.676290
119,9,1.622231
74,3,0.136166
65,2,0.075363
103,16,3.290497
69,25,4.051332
66,3,0.128380
152,5,0.877329
85,2,0.114619
132,2,0.223619
121,2,0.191331
68,47,13.229222
66,8,0.529091
129,4,0.487217
77,23,4.089790
72,4,0.183985
202,3,0.728489
282,5,5.798118
114,5,0.558531
94,2,0.122229
80,13,1.459291
118,2,0.188345
29,3,0.076569
134,11,2.394574
104,3,0.214358
278,3,2.128820
143,23,9.273547
92,7,0.583390
121,3,0.289511
80,2,0.106439
304,3,2.331454
97,3,0.205128
79,4,0.230474
108,3,0.256889
279,9,6.951901
70,4,0.198355
86,2,0.101007
76,2,0.083002
90,2,0.122035
94,2,0.117729
152,2,0.317146
86,3,0.158629
92,7,0.665305
151,4,0.731159
80,45,17.308968
134,2,0.219676
133,26,9.839848
89,2,0.121269
77,3,0.142003
92,3,0.193569
183,2,0.455632
75,5,0.289762
73,2,0.084522
97,16,2.790024
71,3,0.138420
73,26,5.058807
98,7,0.646933
44,10,0.603712
90,14,1.950911
82,7,0.565756
99,12,1.638044
140,5,0.756279
58,2,0.075730
71,2,0.083047
131,7,1.091809
121,6,0.825854
81,40,12.286344
277,5,3.923530
84,8,0.663975
161,30,16.863741
59,5,0.190650
137,3,0.367628
139,50,78.706341
139,8,1.662865
122,2,0.195007
67,2,0.069347
86,2,0.111356
80,2,0.088549
99,3,0.213636
37,5,0.156281
68,2,0.072355
180,29,58.392424
80,6,0.386122
90,2,0.109973
87,24,5.042450
88,5,0.337471
80,13,1.395309
102,2,0.149051
281,16,41.798777
151,8,1.595526
82,2,0.103933
108,8,0.958051
73,11,0.946438
37,10,0.495789
84,2,0.103832
137,2,0.236292
75,2,0.087207
56,3,0.096048
169,5,1.166761
77,38,9.438253
160,3,0.490064
129,4,0.505633
67,5,0.246226
226,28,83.400222
140,20,6.567637
202,5,1.603322
108,32,13.905484
96,4,0.295239
98,2,0.130279
85,4,0.247000
140,5,0.804423
181,15,6.451971
194,5,1.431497
100,2,0.130284
75,2,0.095021
59,2,0.067050
107,18,3.541130
319,4,3.677076
103,28,8.250611
59,6,0.290986
131,2,0.214303
138,5,0.776045
85,6,0.482060
63,2,0.067529
98,2,0.123435
26,2,0.045971
138,16,4.160028
68,2,0.073750
180,10,3.398926
78,2,0.086823
102,17,2.949362
158,6,1.294251
114,3,0.278902
134,3,0.358192
52,16,1.407907
67,2,0.072286
69,17,2.183285
43,8,0.401453
71,11,0.919141
62,10,0.733475
86,26,6.526733
90,20,3.260930
109,2,0.141083
76,3,0.159612
91,7,0.596058
72,9,0.674106
79,6,0.378749
66,2,0.071159
60,2,0.061713
68,2,0.072680
68,2,0.078280
300,24,80.712521
143,26,10.734155
55,26,3.635534
254,3,1.306690
78,3,0.159875
92,3,0.183529
79,13,1.368495
49,2,0.061119
57,3,0.117421
84,2,0.104044
198,3,2.520753
116,3,0.270882
76,2,0.086124
312,3,2.923945
75,50,16.290098
62,2,0.067633
68,2,0.068359
160,31,66.844851
86,32,7.872643
188,41,362.988706
119,3,0.198912
75,2,0.052220
56,5,0.120588
131,2,0.145799
199,4,0.730328
197,10,2.661916
67,8,0.531887
79,25,4.754404
175,5,1.204715
133,4,0.532908
84,3,0.146551
203,2,0.569936
68,2,0.086555
111,4,0.367900
186,18,9.155901
59,3,0.110102
85,3,0.169231
59,2,0.068725
172,2,0.386096
73,4,0.185749
95,11,1.381184
66,3,0.148414
125,16,7.069349
89,3,0.177793
75,3,0.122747
135,35,18.908735
124,2,0.205635
429,3,5.337287
72,4,0.181670
80,16,1.918959
56,2,0.065262
65,17,1.877231
138,3,0.380046
30,19,1.666275
79,15,1.928308
57,5,0.229624
39,2,0.054072
92,8,0.850800
120,5,0.660639
144,5,0.850479
173,2,0.378225
67,15,1.525172
114,4,0.400777
111,6,0.595830
111,2,0.164185
72,2,0.099288
114,2,0.167248
187,31,415.703960
77,2,0.096871
103,4,0.349149
101,2,0.145673
181,2,0.408806
74,2,0.076770
60,31,6.123505
123,5,0.570640
87,7,0.482409
99,10,1.269171
98,10,1.447063
151,3,0.454652
96,6,0.522560
226,2,0.568389
102,7,0.757117
147,35,150.144205
85,9,0.879637
91,2,0.105966
102,2,0.132170
217,19,100.993672
128,3,0.275577
75,26,3.532981
86,6,0.371117
93,9,0.768563
60,12,0.723305
163,5,0.806093
81,4,0.162916
26,4,0.073305
188,3,0.498651
71,3,0.131934
63,5,0.240041
60,3,0.107465
55,2,0.063231
96,8,0.886202
201,18,15.584417
139,8,1.462655
50,2,0.051318
84,3,0.169880
77,4,0.215899
134,4,0.555757
93,9,1.017395
196,29,390.469193
148,25,6.493531
52,19,1.955971
117,17,3.814671
489,4,10.218658
89,4,0.251409
141,8,1.523127
324,2,1.669321
69,6,0.314080
83,2,0.095085
82,2,0.100965
154,20,13.572441
65,4,0.157346
25,3,0.083896
74,2,0.078846
90,2,0.109052
94,3,0.226200
76,3,0.121558
60,3,0.102465
282,3,1.907388
27,2,0.049011
106,4,0.360230
96,2,0.128270
47,5,0.166446
173,4,0.981267
92,11,1.291747
325,4,3.540095
94,6,0.543332
223,29,39.024846
94,9,0.898033
118,4,0.379879
76,5,0.277563
125,8,1.208733
101,7,0.761436
74,50,14.439295
88,2,0.109465
98,6,0.543341
122,28,18.077006
89,2,0.121140
81,2,0.094809
37,3,0.071524
98,6,0.701234
117,7,0.892869
99,48,18.971655
67,2,0.074059
88,3,0.179432
77,24,4.127815
116,5,0.623102
157,16,11.010524
150,6,1.193047
83,4,0.244076
99,15,2.166921
35,5,0.167413
205,21,16.821467
96,20,3.807539
71,2,0.080147
205,2,0.565456
99,2,0.137622
75,3,0.143959
57,3,0.108275
100,4,0.319035
97,6,0.547747
255,4,2.089792
64,2,0.079407
237,8,4.603915
84,9,0.817029
97,5,0.397166
91,2,0.120752
118,5,0.601011
87,2,0.114058
99,4,0.304808
470,8,64.070948
81,3,0.162984
160,27,92.297873
85,18,2.743499
74,2,0.086725
95,12,1.716159
96,5,0.395380
69,2,0.075330
94,2,0.121957
72,2,0.077925
105,34,13.345512
142,3,0.423547
44,2,0.051160
68,3,0.172204
119,6,1.180834
47,8,0.418091
59,2,0.070409
85,2,0.104580
86,7,0.644493
75,5,0.276258
160,3,0.523672
237,6,3.180516
139,43,145.700858
75,19,3.887280
74,17,2.031607
95,46,19.913610
93,6,0.444479
97,2,0.115655
148,8,2.476268
183,5,1.299545
54,5,0.198224
79,15,1.883245
104,15,2.480629
82,6,0.405571
100,2,0.145436
61,10,0.659277
101,5,0.449574
106,2,0.139612
213,2,0.623117
127,25,7.859795
55,6,0.285368
38,2,0.049821
73,6,0.366383
146,2,0.261134
89,5,0.368232
154,3,0.477748
101,5,0.428478
57,3,0.108577
90,5,0.381220
103,3,0.256746
79,2,0.092341
100,18,3.252380
107,12,1.914389
88,4,0.267821
77,16,2.052309
81,3,0.172849
73,2,0.088454
95,13,1.763041
35,6,0.202518
146,2,0.265048
85,22,3.908280
77,2,0.079414
73,3,0.132619
67,2,0.083661
78,3,0.138840
58,11,1.041856
228,5,2.114336
89,2,0.103397
149,2,0.268651
86,12,1.274490
229,10,5.133382
111,35,12.286151
98,16,4.277489
104,5,0.459213
56,5,0.215379
137,2,0.241571
96,15,2.403643
72,2,0.082340
93,2,0.119828
96,4,0.306297
93,10,1.231197
101,5,0.439195
92,6,0.469023
115,12,1.916395
289,4,2.573810
98,13,1.820238
103,48,21.175779
64,4,0.182995
86,2,0.104090
56,5,0.227223
143,3,0.397456
134,4,0.543339
78,24,4.374581
172,4,0.937977
96,3,0.183963
59,3,0.108733
139,28,12.906925
137,5,0.768342
53,45,9.427385
480,3,6.609790
83,2,0.098181
73,47,14.082033
92,5,0.373152
75,2,0.079655
104,2,0.157733
58,2,0.065492
65,28,4.692945
105,4,0.563342
67,2,0.076868
127,18,12.053008
147,4,0.784654
145,3,0.442027
72,5,0.266225
88,7,0.630788
192,10,3.876789
133,4,0.522031
182,3,0.648673
87,18,2.461684
96,23,7.692009
86,3,0.182563
55,4,0.159029
95,2,0.127341
67,2,0.071277
84,5,0.335095
142,4,0.720602
83,2,0.098624
84,11,1.117022
87,8,0.724175
81,4,0.228814
88,3,0.186391
108,2,0.127551
123,3,0.316059
123,2,0.183555
88,2,0.103314
85,2,0.106562
119,13,3.507545
131,3,0.374052
216,20,33.960268
96,23,5.250797
91,3,0.187021
87,3,0.178172
120,2,0.181018
68,3,0.131093
78,2,0.090437
105,2,0.131862
159,42,28.000968
65,22,3.370924
97,8,1.163512
100,2,0.140720
117,2,0.169558
99,4,0.294060
282,2,1.204513
82,2,0.095612
59,21,2.714505
128,4,0.544611
120,5,0.701876
206,3,0.881334
188,5,1.484509
167,3,0.590843
84,2,0.106961
29,3,0.078692
77,11,1.480715
133,49,30.040183
78,2,0.097369
189,3,0.783662
112,2,0.160126
173,3,0.612724
76,2,0.080846
75,4,0.198567
67,26,4.098277
96,2,0.127216
187,5,1.371122
71,8,0.502901
78,2,0.085676
100,4,0.330294
106,3,0.233357
354,3,3.250652
94,3,0.186361
142,22,8.376732
140,11,2.412566
243,2,0.850060
76,2,0.082508
121,3,0.315348
67,20,2.557830
276,3,3.582439
77,6,0.425030
117,4,0.441442
194,21,52.787063
110,16,3.472219
63,2,0.068679
79,2,0.086890
78,2,0.086485
115,3,0.266026
95,6,0.545090
102,2,0.158701
212,3,0.944766
59,4,0.172446
149,10,2.258830
154,21,8.010938
103,5,0.451946
138,33,27.276142
156,23,12.376925
61,3,0.109617
81,6,0.428509
212,6,2.890942
87,3,0.170043
70,2,0.078613
82,2,0.099295
89,33,8.477060
73,2,0.088367
247,4,2.093131
157,16,5.395069
169,7,1.706373
83,3,0.152946
236,4,1.691772
96,3,0.192932
37,2,0.044399
76,4,0.205667
36,3,0.080984
30,5,0.152583
87,4,0.222027
74,2,0.088430
219,13,31.290328
91,2,0.124037
78,8,0.647985
113,3,0.279085
79,2,0.093566
145,2,0.291645
113,2,0.152412
117,34,16.056033
95,13,2.954435
109,25,13.729202
46,46,10.875254
85,3,0.166479
51,2,0.057703
78,2,0.080046
100,8,0.739445
81,2,0.097129
105,11,1.432412
78,3,0.147062
181,5,1.307760
152,13,5.034021
60,4,0.156152
259,2,0.981547
25,3,0.066063
267,2,0.991694
63,2,0.062346
100,17,2.927834
98,4,0.298737
160,3,0.440827
69,3,0.112703
92,26,5.987238
75,10,0.789953
75,10,0.849972
85,4,0.259185
143,3,0.422998
89,5,0.358440
211,21,20.409442
106,2,0.173074
86,2,0.104780
71,2,0.081752
67,3,0.127864
54,5,0.207935
167,3,0.590814
84,3,0.157290
85,2,0.104644
135,3,0.360919
116,5,0.438167
141,33,27.173162
83,6,0.437983
88,9,0.901271
84,2,0.092407
89,2,0.103684
129,18,6.957348
84,6,0.419941
81,2,0.096365
333,3,2.947578
138,9,1.927118
97,11,1.388136
69,7,0.387153
69,2,0.084080
114,19,4.399295
65,2,0.075004
227,2,0.693407
78,34,7.915208
297,3,1.755614
46,2,0.055860
274,3,1.856918
117,3,0.307815
77,19,2.817363
102,10,1.425245
65,6,0.290871
65,2,0.073711
60,2,0.068245
87,3,0.167211
80,2,0.084297
98,9,1.139757
61,2,0.075215
57,2,0.070601
89,3,0.155656
60,3,0.106113
205,24,23.040729
79,5,0.302233
96,2,0.132012
190,5,1.494112
76,4,0.205864
147,18,10.079681
152,6,1.129377
66,2,0.068558
95,14,2.037487
190,5,1.475379
53,4,0.135565
149,4,0.755846
266,2,1.002797
99,6,0.535572
165,9,5.891556
110,5,0.484914
143,4,0.644112
85,2,0.106717
108,24,6.676401
57,2,0.060978
88,5,0.386144
88,5,0.348607
136,2,0.201524
156,2,0.324211
79,6,0.380876
164,2,0.394888
136,11,3.379755
110,2,0.171072
115,3,0.242663
77,2,0.086637
55,2,0.057881
106,36,15.552419
78,4,0.210864
81,4,0.230254
118,19,4.266841
107,5,0.438890
37,2,0.047048
120,13,2.362312
42,10,0.542385
81,5,0.278767
60,3,0.120374
81,12,1.284251
134,3,0.362545
87,4,0.235728
115,10,1.396078
255,4,2.179202
63,7,0.390704
87,4,0.221845
181,9,5.322754
66,2,0.075133
174,4,0.867928
107,4,0.339007
80,19,3.336323
341,8,9.468635
100,10,1.209874
58,4,0.154546
78,6,0.389207
104,5,0.430048
58,2,0.063819
85,3,0.173441
99,5,0.431753
103,2,0.142643
86,17,2.423476
98,5,0.409397
108,5,0.437694
314,4,3.031512
98,3,0.213471
88,18,3.067759
96,5,0.404323
70,2,0.082352
104,3,0.230930
126,18,4.436115
158,28,15.173932
73,3,0.132531
70,2,0.090569
67,3,0.126559
114,39,17.582795
78,5,0.301751
95,2,0.125235
91,13,1.675983
80,2,0.090542
87,2,0.102848
66,2,0.074460
200,10,4.677058
84,2,0.103063
77,12,1.115740
89,4,0.281926
87,3,0.163886
68,2,0.072991
36,3,0.076109
77,2,0.088942
74,2,0.084516
265,3,1.650373
137,13,3.678090
74,3,0.126745
112,3,0.226038
212,7,2.890769
168,31,351.703740
100,6,0.340718
120,4,0.312599
76,3,0.083066
57,3,0.064836
86,7,0.344986
92,37,6.647692
64,3,0.073344
87,2,0.070389
63,8,0.555525
56,2,0.062849
171,29,84.797518
71,46,13.166850
57,3,0.095717
71,2,0.082069
81,8,0.610150
100,13,2.247831
69,2,0.075090
75,2,0.087107
87,5,0.315497
26,3,0.063189
387,16,109.887716
116,2,0.147627
201,13,18.514712
153,3,0.515599
92,7,0.628718
61,7,0.364264
93,3,0.193455
67,10,0.757905
77,2,0.077109
76,2,0.088071
51,2,0.058584
61,32,5.720660
54,14,1.104702
143,7,1.309680
87,4,0.255742
86,2,0.097447
57,3,0.100754
165,9,2.789697
102,2,0.123210
116,3,0.259773
129,2,0.194345
200,10,7.088302
85,2,0.110090
441,3,5.311341
83,2,0.102710
279,5,27.341287
33,25,2.704893
78,4,0.204009
65,6,0.363160
88,16,2.626478
224,11,7.473976
274,28,2168.059848
70,23,1.592187
70,5,0.136477
81,5,0.160023
100,2,0.072047
56,20,1.023430
83,9,0.398113
72,2,0.042788
91,2,0.061103
175,7,3.668965
116,4,0.262470
82,2,0.053664
163,16,5.348922
69,2,0.079925
80,2,0.112409
59,3,0.088970
102,3,0.247404
192,28,57.244580
66,4,0.160868
51,2,0.061593
111,2,0.159217
22,2,0.040734
75,4,0.198414
75,5,0.293725
133,34,14.945796
102,10,1.292982
107,5,0.483682
75,3,0.148770
142,43,25.882743
56,3,0.102720
146,26,23.135725
91,33,9.280256
58,16,1.494443
86,2,0.107271
72,3,0.142498
86,2,0.106992
70,2,0.077283
71,6,0.326042
93,3,0.199219
210,20,228.399567
136,46,28.463455
88,2,0.121341
78,36,12.360748
65,6,0.292500
89,6,0.455566
96,2,0.126161
129,18,4.799782
94,2,0.097458
100,2,0.138080
272,6,6.444973
59,31,5.442258
87,11,1.211231
269,10,7.613706
106,7,0.951333
49,7,0.311847
102,4,0.350299
114,4,0.385508
75,16,1.917840
160,4,0.749687
77,2,0.094118
80,2,0.098153
68,4,0.198199
147,3,0.403170
127,25,13.421066
121,4,0.461413
72,4,0.179225
104,9,1.047224
140,14,3.816236
135,5,0.723760
144,22,8.825326
48,32,4.887753
61,2,0.070499
93,2,0.127610
63,33,6.347477
69,6,0.337806
37,2,0.047562
98,22,6.719169
59,13,1.028687
133,26,9.701312
128,2,0.223095
103,7,0.798769
152,38,120.783646
64,5,0.198219
112,20,4.815857
91,18,3.923539
181,5,1.262354
68,2,0.073738
292,8,6.920352
104,7,0.998397
88,2,0.111297
284,9,8.557948
81,23,3.917201
103,3,0.229177
174,2,0.367728
130,5,0.660520
57,5,0.198211
63,8,0.712442
124,5,0.632180
79,3,0.154084
59,2,0.065615
372,24,61.999406
112,4,0.392708
179,3,0.663733
92,3,0.188882
69,7,0.419225
66,4,0.168284
135,29,11.342661
80,18,2.488461
83,8,0.654154
182,4,0.973229
72,33,7.292826
87,4,0.235659
85,4,0.230178
190,7,2.569863
111,4,0.356846
158,3,0.519674
234,2,0.769724
63,3,0.114134
62,14,1.242522
103,13,2.577820
80,6,0.389276
138,31,14.713638
170,10,3.425906
54,2,0.066697
67,4,0.183360
98,2,0.139631
283,3,1.912268
426,3,5.058649
72,44,12.201688
49,10,0.573770
89,2,0.118245
110,4,0.385113
67,5,0.235467
220,5,2.699436
210,24,27.161377
68,5,0.242849
232,23,38.207923
130,14,7.273963
79,4,0.193189
78,8,0.579413
139,22,7.545959
117,2,0.159856
112,8,1.077481
109,4,0.377753
86,4,0.254457
81,2,0.091624
82,6,0.433410
71,2,0.089929
83,24,4.259996
91,18,4.567919
83,2,0.091149
229,3,1.024516
45,6,0.222177
75,23,3.728506
92,2,0.115603
80,2,0.086276
72,2,0.078801
176,3,0.555802
80,4,0.237213
102,23,25.520398
211,3,1.064675
79,3,0.154127
72,7,0.467583
82,2,0.101452
68,2,0.072495
205,3,0.852641
85,16,2.406254
159,3,0.499529
143,2,0.275749
72,2,0.078073
156,8,1.710101
82,3,0.170308
116,10,1.357795
70,2,0.069068
123,3,0.303319
212,2,0.548811
99,30,8.535786
90,3,0.212502
76,3,0.153722
109,2,0.157604
155,12,4.073218
83,3,0.158631
122,38,17.625113
117,13,2.372637
94,3,0.203724
40,3,0.080981
122,4,0.366747
82,8,0.675365
90,4,0.254557
68,26,4.248499
195,13,6.165734
72,2,0.086993
64,2,0.072129
29,2,0.042913
134,3,0.374759
70,15,1.579583
57,2,0.063785
98,9,0.965303
84,6,0.420165
103,2,0.147308
152,21,7.963112
90,9,0.942381
93,4,0.255720
86,2,0.098732
79,36,8.921975
111,6,0.602417
248,12,9.900911
158,8,2.732358
159,20,8.037244
70,2,0.075172
62,2,0.079240
118,2,0.161474
110,5,0.480029
397,6,18.184732
105,2,0.156076
109,48,20.400066
137,5,0.798634
99,4,0.324053
248,2,0.827364
188,20,15.273370
131,3,0.376914
80,3,0.144419
73,6,0.349633
91,8,0.685661
95,3,0.196007
74,26,4.671403
78,3,0.145796
281,6,4.324489
239,5,2.391484
82,2,0.105449
92,5,0.374483
140,3,0.390060
84,2,0.100070
101,5,0.474596
47,10,0.588465
251,3,1.417510
110,3,0.252677
95,6,0.523549
99,3,0.214118
224,17,12.881108
106,2,0.139881
97,2,0.123771
114,14,2.631069
168,6,1.486529
56,2,0.066637
75,13,1.288964
132,2,0.217030
128,2,0.208899
100,16,2.674556
84,5,0.317994
85,5,0.322696
84,8,0.724075
49,4,0.153934
133,6,1.823301
96,2,0.140170
234,2,0.716812
197,39,292.205585
311,3,1.655440
83,2,0.068846
218,18,30.296761
96,2,0.085011
78,20,1.725288
131,6,0.580498
158,3,0.345465
127,6,0.536516
249,8,140.836158
95,3,0.183646
104,6,0.557591
38,2,0.048710
84,9,0.755288
90,22,3.829170
93,21,3.301011
145,26,9.729397
73,18,2.078132
69,10,0.698401
71,21,2.680275
71,18,2.003228
80,10,0.769889
99,12,1.364896
158,3,0.528197
120,4,0.459342
79,2,0.096779
223,21,17.143148
78,2,0.089477
98,4,0.311948
81,7,0.512124
132,8,1.348227
90,13,1.753933
30,3,0.071791
328,9,9.844632
113,19,4.435788
80,10,0.903369
80,5,0.307421
64,3,0.134973
72,3,0.136026
78,5,0.299976
134,2,0.308923
102,4,0.351573
135,30,13.007191
75,2,0.082807
91,5,0.625439
104,3,0.266405
85,2,0.113113
77,2,0.090455
156,3,0.520643
69,3,0.123204
64,2,0.069811
37,2,0.059014
106,12,1.838442
68,2,0.068974
53,2,0.051825
105,17,3.287555
115,4,0.411362
86,5,0.377823
96,8,1.812743
37,2,0.041591
78,2,0.091206
80,2,0.088493
197,28,19.921103
230,3,1.170393
102,10,1.364433
78,4,0.220464
104,3,0.231701
108,2,0.137133
86,3,0.151853
101,2,0.134262
103,11,1.429744
182,4,0.921924
140,9,1.869670
68,4,0.183005
72,2,0.079544
137,21,6.989700
82,3,0.165777
88,9,0.919609
82,14,1.634688
61,2,0.066913
64,4,0.168102
51,2,0.062398
207,15,30.918833
62,3,0.101137
93,12,1.529122
127,2,0.211462
139,15,5.050153
110,4,0.335568
104,3,0.229885
131,8,1.331257
105,2,0.158447
92,2,0.106368
208,5,1.675158
139,44,473.131560
73,4,0.116101
123,9,0.871431
212,3,0.591708
68,3,0.075563
69,11,0.518512
47,8,0.212864
55,4,0.082990
87,2,0.064163
73,4,0.120811
163,6,1.173512
174,2,0.261324
279,24,21.586074
95,2,0.075250
73,2,0.085826
31,3,0.079715
47,10,0.561537
116,30,11.267347
95,2,0.122750
81,2,0.100210
190,3,0.692736
58,2,0.065804
68,2,0.078800
87,11,1.273323
97,9,0.964152
92,18,2.837773
192,6,5.577098
75,5,0.299683
98,16,3.255985
103,5,0.458876
139,8,1.484509
76,8,0.581265
80,13,1.491718
71,2,0.080997
149,12,3.114401
100,5,0.410844
102,7,0.786854
130,4,0.503218
223,2,0.535114
59,2,0.066174
77,3,0.153713
79,2,0.092325
225,4,1.694026
77,2,0.095769
226,10,7.955453
66,4,0.182582
181,13,16.607164
86,2,0.097762
77,5,0.290311
130,5,4.261863
89,2,0.115063
436,6,11.431784
24,19,1.377767
87,2,0.111022
128,2,0.193599
80,2,0.100600
105,5,0.423366
150,5,0.910549
137,3,0.397884
82,46,14.501627
74,8,0.578621
141,2,0.249126
114,2,0.178160
85,2,0.109020
59,12,0.951578
99,5,0.539645
189,2,0.458622
92,2,0.108356
153,17,6.550481
98,11,2.102397
107,4,0.353790
182,7,2.087808
110,4,0.359332
115,7,0.823523
106,7,0.617051
86,3,0.176039
58,6,0.278701
61,7,0.370214
80,2,0.089538
77,8,0.603846
111,5,0.495879
87,4,0.280486
161,4,0.736931
200,3,1.763299
99,3,0.188454
68,2,0.078548
111,8,0.968356
123,2,0.190497
148,7,1.394660
59,2,0.058460
156,6,1.809303
264,3,1.529861
69,20,2.685617
103,4,0.319853
200,2,0.544451
151,6,1.018064
227,7,3.163699
280,3,2.695268
72,17,1.927401
93,6,0.487823
98,6,0.598369
99,11,1.699169
79,4,0.255112
66,5,0.235242
63,3,0.126211
305,9,20.751677
68,3,0.121522
131,2,0.223062
90,3,0.188164
102,3,0.221597
74,5,0.272636
70,8,0.572203
81,13,1.687235
93,14,1.884984
65,5,0.229847
74,2,0.081434
145,6,1.158426
63,23,3.238256
157,6,1.485274
56,2,0.067031
98,35,10.248022
99,17,2.961702
165,14,13.340825
71,5,0.235304
87,2,0.111459
115,13,3.136912
161,11,21.783041
78,4,0.216384
69,3,0.120543
79,6,0.303066
256,2,0.910602
91,4,0.270510
107,13,2.091072
53,2,0.064790
124,24,24.166435
88,2,0.101984
68,2,0.073868
24,3,0.069951
92,2,0.123765
58,5,0.178946
83,2,0.095505
294,3,2.235078
54,4,0.152802
96,24,5.388164
99,13,2.164478
63,2,0.067080
38,3,0.080020
133,2,0.226727
68,3,0.106481
107,13,2.035291
83,3,0.155003
98,2,0.126680
127,8,1.374630
46,5,0.164109
75,7,0.466424
32,4,0.105924
110,6,0.637558
85,14,1.745748
82,3,0.136950
269,18,53.943311
89,2,0.106198
28,3,0.065810
314,20,184.234505
109,5,0.316085
53,2,0.038031
58,2,0.041992
310,2,1.043453
149,10,1.339078
97,23,5.035583
88,3,0.189097
99,2,0.116570
84,5,0.291482
74,5,0.292887
346,16,184.340940
68,2,0.051119
259,44,465.030267
74,2,0.050030
61,4,0.085711
110,6,0.421400
180,2,0.250937
167,5,0.729128
63,4,0.092147
236,4,1.714894
125,3,0.322060
391,11,36.307435
97,2,0.135237
335,10,127.960182
85,17,1.915121
145,9,1.467546
78,28,4.458297
132,5,0.509715
100,3,0.190204
99,4,0.272544
83,2,0.071358
191,14,4.601269
109,3,0.187579
80,2,0.092816
78,4,0.214386
264,4,2.348425
68,12,1.005423
179,2,0.409049
66,2,0.074723
89,34,10.283163
137,4,0.685129
78,2,0.088381
201,6,1.965679
295,11,10.736807
111,5,0.513807
77,3,0.141611
88,2,0.125909
83,4,0.230896
75,3,0.133615
105,32,9.879042
78,3,0.145068
104,7,0.645662
340,27,1740.888813
68,14,0.653667
98,31,4.633728
86,15,1.060415
63,10,0.327848
34,4,0.052217
123,2,0.120182
92,4,0.148359
96,16,1.347041
74,3,0.150709
71,2,0.079458
79,5,0.300114
310,5,4.275523
63,26,3.936409
80,34,7.680736
97,3,0.228024
95,7,0.661380
84,13,1.421295
72,5,0.278829
121,9,1.350158
88,3,0.163957
120,8,1.162138
37,2,0.050400
56,3,0.098964
69,2,0.078545
110,19,33.249526
108,2,0.142615
67,2,0.064997
88,2,0.118298
87,3,0.181736
47,6,0.230652
102,36,10.739282
150,5,0.851000
100,2,0.127932
141,8,1.562349
139,7,1.317619
67,4,0.181795
147,2,0.277960
57,2,0.062024
88,2,0.103157
150,3,0.482967
110,10,1.429030
240,5,2.349387
76,2,0.084158
68,5,0.236238
109,7,0.881390
79,7,0.512716
83,2,0.103312
104,4,0.310704
81,2,0.098938
236,20,18.068058
194,4,1.159023
81,5,0.300568
82,2,0.097974
78,12,1.170661
103,6,0.550932
85,4,0.244081
86,2,0.109293
79,2,0.091356
85,10,0.902692
256,14,11.309924
69,2,0.081704
65,2,0.072735
215,6,2.359533
59,2,0.073136
98,7,0.708751
97,18,3.976942
49,3,0.099730
360,7,29.667884
60,2,0.068241
91,2,0.119479
107,17,4.377303
185,17,18.844303
88,4,0.215225
105,29,12.378368
69,5,0.221765
27,2,0.043492
339,3,2.773565
64,2,0.064462
149,5,0.778795
80,3,0.147394
116,14,6.513914
209,9,3.881701
73,11,0.954250
91,4,0.280301
112,4,0.405475
109,6,0.629847
89,3,0.195529
59,4,0.151911
87,3,0.157241
103,4,0.327285
67,2,0.077555
64,2,0.071746
103,2,0.121213
71,2,0.081066
84,2,0.105393
82,2,0.095065
87,2,0.105848
83,2,0.102262
90,26,5.844952
87,2,0.102871
74,16,1.872586
58,5,0.219811
70,3,0.121158
154,7,1.376646
55,3,0.098853
61,6,0.298291
135,22,7.224019
119,16,3.414331
112,5,0.613525
124,4,0.483723
80,2,0.093298
131,6,0.811695
138,5,0.775138
68,5,0.235513
288,5,6.809151
74,8,0.540573
114,3,0.266828
127,3,0.339971
150,2,0.275108
83,4,0.219465
92,2,0.118075
71,4,0.178632
135,9,1.967119
362,4,120.462168
211,31,28.907080
69,2,0.072608
72,2,0.073132
108,9,1.151378
133,5,0.593874
81,19,2.217259
89,48,15.053581
105,43,10.230352
89,2,0.080976
142,2,0.181449
104,2,0.159081
125,9,2.837764
87,2,0.104105
76,7,0.462520
37,3,0.075791
73,3,0.129828
108,4,0.343928
95,2,0.129259
71,2,0.072963
145,24,10.369533
144,18,12.595440
81,2,0.089052
224,7,3.224699
107,4,0.501384
46,4,0.114700
73,4,0.201065
36,9,0.414407
174,25,12.125705
82,2,0.098754
71,2,0.066890
98,2,0.137842
75,8,0.556970
279,35,898.821428
133,29,6.863803
126,21,4.022265
119,9,0.934010
23,6,0.087628
127,7,0.503417
189,5,1.583313
161,2,0.301692
63,2,0.068315
93,2,0.112860
76,16,1.937916
100,2,0.136184
100,22,4.557925
194,12,13.556884
106,2,0.140331
275,17,44.419605
81,12,1.069418
267,9,11.133835
83,3,0.149950
60,25,3.674209
57,10,0.656760
67,7,0.380256
59,24,3.262577
108,4,0.243746
102,40,14.170874
65,3,0.111832
164,11,3.196151
72,3,0.133593
195,5,1.665382
151,13,4.363085
84,2,0.108315
68,3,0.129893
165,5,1.196048
103,23,5.198253
90,6,0.451308
125,2,0.170376
91,7,0.601648
98,2,0.134083
325,6,7.212273
135,3,0.419071
88,13,1.428932
92,37,12.924728
107,5,0.460049
80,23,4.271165
60,2,0.062751
106,28,7.521279
164,3,1.434388
62,4,0.164933
78,7,0.489549
124,7,0.951860
86,2,0.108519
150,3,0.504297
103,2,0.143022
198,5,1.502127
113,2,0.172746
81,12,1.264419
50,2,0.062817
72,12,1.071941
55,4,0.137056
90,2,0.111113
100,6,0.652037
133,11,2.208873
142,2,0.278840
100,8,0.859276
87,2,0.108411
76,2,0.093565
110,4,0.382736
89,2,0.112086
74,8,0.525367
61,2,0.063591
25,5,0.140893
278,11,16.947881
76,24,4.332435
198,9,4.107154
88,2,0.106215
117,2,0.168572
60,5,0.220461
55,5,0.181091
57,4,0.133741
132,5,0.678727
88,4,0.231859
89,2,0.114984
131,2,0.188482
113,24,12.796693
138,10,2.064175
77,6,0.367131
287,3,1.931022
137,29,11.584002
163,6,1.264389
113,7,0.975926
146,8,2.850732
81,17,2.383139
98,4,0.301754
213,11,8.744513
152,2,0.282332
145,2,0.266243
169,2,0.384642
58,2,0.060311
76,12,1.108316
93,12,1.470882
83,4,0.235855
56,3,0.101586
90,2,0.116839
85,2,0.101633
111,4,0.385693
110,6,0.655790
78,2,0.090145
95,7,0.664917
140,8,1.944647
65,2,0.087330
137,28,16.309515
37,3,0.075735
83,3,0.168483
84,3,0.156367
144,6,1.772905
64,2,0.087126
77,3,0.134546
81,2,0.100505
37,13,0.766427
63,2,0.069220
83,7,0.448220
65,6,0.324929
81,7,0.507868
233,29,37.492998
78,9,0.669993
112,6,0.584719
92,14,4.405439
131,5,0.646137
73,13,1.132234
92,21,7.764672
23,2,0.038197
80,2,0.087352
132,4,0.583427
132,4,0.510134
77,4,0.211701
176,3,0.653133
150,13,3.374189
83,3,0.164460
213,27,188.207162
65,2,0.048200
135,15,2.479734
94,7,0.397738
75,10,0.509862
82,2,0.058686
79,2,0.058976
88,2,0.068636
83,2,0.100934
85,5,0.321104
176,2,0.368898
75,2,0.084181
133,2,0.244147
119,9,1.290564
104,3,0.191331
73,2,0.074033
77,3,0.147563
95,11,1.294527
99,35,10.899122
68,2,0.078497
79,27,4.873749
82,5,0.290117
91,3,0.167640
36,5,0.155403
271,15,19.749648
34,4,0.111519
120,8,1.200411
120,2,0.208397
145,15,4.477123
136,14,4.294142
121,11,4.998721
152,14,3.730337
238,4,1.645545
183,25,13.802098
204,5,1.776259
121,16,3.174421
100,4,0.303705
114,15,2.962983
183,28,63.128960
220,6,2.244279
168,4,0.808490
81,19,2.428929
134,24,7.396407
122,15,2.739996
90,6,0.453895
122,12,2.023599
196,6,1.889946
30,20,1.426947
85,4,0.232994
300,17,1755.054676
124,10,1.648875
231,15,22.039617
350,11,14.947715
111,42,21.281581
67,6,0.269853
187,2,0.444757
83,2,0.101045
85,3,0.155639
105,2,0.146758
111,2,0.146509
89,2,0.105950
148,3,0.448897
37,2,0.043335
83,11,1.256805
78,2,0.089037
101,8,0.876668
62,7,0.374714
78,13,1.343590
77,2,0.087709
97,10,1.146146
106,4,0.338345
170,6,2.267721
98,4,0.306638
79,5,0.325933
130,3,0.346096
90,17,2.500607
61,4,0.166984
66,43,10.082510
77,2,0.078854
357,16,209.176841
118,2,0.116632
103,16,1.679107
61,2,0.041593
140,22,10.917997
91,2,0.069028
88,17,1.341871
118,2,0.116279
214,2,0.410896
64,2,0.043908
105,7,0.486447
60,2,0.039182
80,11,0.632555
93,7,0.602853
211,18,10.579247
89,3,0.173589
105,5,0.412210
45,9,0.417964
56,2,0.064679
102,2,0.125304
128,38,69.585344
142,22,8.651859
85,2,0.101916
431,13,38.353321
114,6,0.659755
78,4,0.197542
72,18,2.029708
57,2,0.057582
399,5,12.226356
86,3,0.168529
183,3,0.622379
171,4,0.828007
80,9,0.973185
146,3,0.428223
59,2,0.062191
134,16,4.168267
59,3,0.108002
74,2,0.080684
177,2,0.367206
84,2,0.097049
90,2,0.102014
122,12,2.737341
169,19,8.492914
84,3,0.152899
99,3,0.208763
85,3,0.174462
112,14,2.475939
83,3,0.163281
85,2,0.101259
80,2,0.093122
189,2,0.366187
62,7,0.388863
58,3,0.103756
92,8,1.051376
137,23,12.157027
78,3,0.141604
330,17,1130.950195
117,4,0.221427
162,2,0.214016
102,3,0.133113
69,2,0.046256
92,32,4.388686
101,5,0.238322
130,2,0.132036
84,12,0.697185
125,3,0.189542
76,4,0.108674
84,2,0.062928
67,2,0.042985
90,6,0.437592
74,8,0.517970
153,24,10.598419
141,2,0.242141
178,3,0.651750
131,4,0.509526
99,3,0.176059
86,10,1.077774
140,3,0.389804
79,7,0.518772
279,29,129.128359
95,2,0.107865
20,16,0.725946
151,2,0.230790
58,7,0.342452
83,20,3.884123
109,2,0.153340
101,11,1.515266
108,7,0.811884
115,5,0.492993
92,16,2.583954
302,4,3.061231
107,25,6.431252
145,23,14.981321
88,15,1.777011
82,4,0.206554
83,2,0.073958
90,5,0.297691
68,2,0.076756
119,32,12.573337
95,11,1.424848
85,2,0.104152
134,3,0.376738
76,2,0.085050
175,5,1.222151
88,2,0.106581
37,2,0.050266
211,2,0.596741
74,11,1.010423
79,4,0.203415
150,26,11.893523
81,2,0.092265
202,15,42.701563
125,27,10.626028
106,6,0.562256
76,2,0.093237
59,2,0.064004
103,14,2.084782
86,2,0.095920
84,2,0.076529
68,3,0.110409
83,24,3.827414
128,5,0.608802
125,3,0.307101
67,3,0.107986
119,39,29.232691
78,3,0.135059
151,3,0.333240
37,2,0.049173
77,3,0.141690
78,9,0.697034
104,15,2.324454
99,2,0.126725
215,2,0.647667
69,2,0.087598
148,3,0.486109
97,5,0.376507
72,16,1.783599
70,37,7.806340
83,3,0.144382
94,3,0.165214
103,20,4.068279
147,7,1.331654
111,2,0.156512
124,3,0.298925
25,2,0.048845
83,3,0.156436
72,2,0.080268
61,2,0.065111
70,4,0.166645
123,2,0.201541
97,4,0.267346
128,2,0.185595
82,5,0.292707
83,3,0.152114
58,2,0.067459
90,37,12.430205
92,17,2.182568
93,9,0.806332
103,6,0.599857
135,4,0.578748
60,2,0.064397
73,8,0.498015
84,2,0.093649
92,3,0.181992
364,42,4597.095862
137,23,3.930979
88,12,0.703777
124,5,0.613251
79,2,0.088802
80,3,0.150147
33,4,0.109533
309,7,6.635589
135,2,0.232323
128,4,0.476001
110,2,0.187206
103,6,0.909047
295,3,2.020835
252,6,3.258479
62,2,0.064902
134,2,0.242312
97,12,1.683431
75,2,0.081126
119,18,4.225938
38,2,0.049845
66,2,0.072084
154,2,0.319160
74,3,0.147165
57,4,0.148954
74,2,0.089881
195,5,1.504222
73,11,0.963684
71,12,1.080351
133,5,0.695055
177,3,2.033629
66,4,0.159875
55,2,0.065362
106,3,0.248114
70,2,0.072389
71,3,0.123483
54,7,0.339795
137,21,7.913128
79,3,0.128453
77,4,0.182302
118,2,0.166344
118,2,0.177259
70,28,4.619250
99,2,0.137852
221,28,26.414905
125,3,0.270582
65,2,0.073391
72,10,0.804056
244,3,1.359458
105,8,0.879287
90,2,0.112396
110,33,27.763767
93,14,1.437241
86,2,0.090341
48,4,0.119328
417,3,4.950144
94,8,0.745139
68,2,0.074471
76,2,0.083083
99,3,0.214529
96,13,1.805550
71,2,0.077691
108,5,0.492584
213,5,1.622700
111,41,16.023121
63,8,0.412857
130,22,6.465473
169,15,4.684047
81,23,3.574736
131,13,5.843874
114,34,20.169021
77,2,0.079911
59,11,0.677541
93,2,0.114904
146,4,0.610327
124,19,4.982008
97,2,0.111436
115,15,3.073616
75,20,2.603592
179,2,0.403300
113,2,0.132711
87,26,9.500491
151,32,15.149418
91,7,0.631849
67,27,4.277041
60,20,2.117633
52,2,0.060131
92,2,0.106440
128,19,4.878211
134,27,9.421151
246,3,1.173353
78,2,0.083210
140,3,0.335842
61,2,0.061120
146,3,0.438384
196,4,1.106833
71,3,0.119650
130,3,0.313873
101,22,4.443508
82,32,6.543832
77,3,0.128106
61,2,0.064459
100,5,0.410995
95,3,0.191000
29,3,0.075917
74,2,0.081637
55,4,0.138448
154,43,74.863372
67,7,0.362642
91,40,11.220330
68,13,1.047986
61,8,0.501191
201,6,4.544329
83,3,0.146080
92,5,0.360858
99,14,1.909655
73,2,0.087962
73,5,0.244047
144,2,0.267141
61,2,0.067676
73,2,0.081496
84,3,0.171328
148,6,1.124993
93,2,0.112170
480,3,7.222840
202,7,4.088674
127,2,0.207086
75,2,0.084757
115,5,0.525809
71,2,0.077534
158,4,5.029882
119,11,2.110941
94,3,0.180596
134,21,36.701933
129,19,5.586012
151,7,1.698256
122,3,0.265624
378,15,40.207638
81,2,0.085654
85,20,2.864413
138,5,0.892171
109,10,1.369510
180,19,12.884392
132,26,10.627189
66,3,0.115064
98,16,4.635776
84,3,0.151353
56,2,0.056890
40,4,0.104078
96,2,0.125499
149,3,0.559656
65,3,0.110613
67,14,1.273894
88,29,5.841244
112,18,3.193746
69,3,0.109410
166,10,2.704924
101,24,5.548535
