73.000000,5,0.252057
73.200000,5,0.245991
75.000000,5,0.508867
73.600000,5,0.260702
72.800000,5,0.268278
72.000000,5,0.235332
72.800000,5,0.313264
72.000000,5,0.232411
76.400000,5,1.308558
73.600000,5,0.255582
74.800000,5,0.530209
72.800000,5,0.275394
73.000000,5,0.232648
67.600000,5,0.208248
77.800000,5,0.867486
73.600000,5,1.049584
73.000000,5,0.250411
72.800000,5,0.342252
73.000000,5,0.260741
73.800000,5,0.242515
67.400000,5,0.235618
71.800000,5,0.679946
73.000000,5,0.245012
73.800000,5,0.252668
68.000000,5,0.207475
73.600000,5,0.234068
73.000000,5,0.249240
73.000000,5,0.320307
74.400000,5,0.813398
73.800000,5,0.270430
73.000000,5,0.393615
74.800000,5,0.467214
73.000000,5,0.258481
73.400000,5,0.284906
73.000000,5,0.241921
76.200000,5,0.728514
73.800000,5,0.254243
73.200000,5,0.236762
73.200000,5,0.283052
72.800000,5,0.270466
69.800000,5,0.641891
73.200000,5,0.274807
73.600000,5,0.272929
69.200000,5,0.435710
69.000000,5,0.551731
67.600000,5,0.545354
73.200000,5,0.251149
72.800000,5,0.255479
70.000000,5,0.608558
71.400000,5,0.709499
73.600000,5,0.314063
70.200000,5,0.637483
72.000000,5,0.231061
67.600000,5,0.237228
72.000000,5,0.239415
69.800000,5,0.713729
72.000000,5,0.244266
73.200000,5,0.244020
73.000000,5,0.265434
72.200000,5,0.636993
67.600000,5,0.207037
72.000000,5,0.243210
73.800000,5,0.259858
70.600000,5,0.220867
75.200000,5,0.561021
72.800000,5,0.278300
67.600000,5,0.239187
73.400000,5,0.286116
67.600000,5,0.219032
72.600000,5,0.229620
73.600000,5,0.273629
73.600000,5,0.286336
73.000000,5,0.236554
67.400000,5,0.229448
73.000000,5,0.262525
72.600000,5,0.280578
71.600000,5,0.991696
72.000000,5,0.339467
67.400000,5,0.219467
70.000000,5,0.399149
73.600000,5,0.699201
71.600000,5,0.602868
73.600000,5,0.263196
67.400000,5,0.226146
76.800000,5,0.847706
70.200000,5,1.214138
73.000000,5,0.231421
72.600000,5,0.225643
73.800000,5,0.257411
73.000000,5,0.279727
67.800000,5,0.221989
73.600000,5,0.268072
73.200000,5,0.234927
73.400000,5,0.253789
74.400000,5,0.584589
75.600000,5,0.839219
76.000000,5,0.418982
72.800000,5,0.254261
303.400000,5,3.685397
299.400000,5,3.376458
303.400000,5,3.701860
298.600000,5,3.564621
298.600000,5,3.521905
298.800000,5,3.664184
282.800000,5,32.855950
297.000000,5,2.313794
299.400000,5,2.300484
303.800000,5,2.676264
298.800000,5,3.501718
304.400000,5,4.721921
299.000000,5,4.010163
299.000000,5,3.666083
298.800000,5,3.940805
299.000000,5,3.488280
303.600000,5,3.973717
296.800000,5,3.534294
297.400000,5,2.468376
297.400000,5,2.342510
290.200000,5,24.470562
292.200000,5,13.348821
302.800000,5,3.689261
290.000000,5,36.394094
303.200000,5,2.449875
302.000000,5,4.528141
297.200000,5,2.331634
299.000000,5,2.337449
298.800000,5,2.316462
303.600000,5,2.536223
298.400000,5,2.424497
299.000000,5,2.264775
298.000000,5,2.372391
299.800000,5,2.710618
299.000000,5,3.719686
298.400000,5,3.790243
299.200000,5,3.564745
302.800000,5,3.661512
298.600000,5,3.665806
299.600000,5,3.676530
297.600000,5,4.020728
304.400000,5,4.334166
118.400000,5,0.392604
118.800000,5,0.348670
116.800000,5,0.443855
121.200000,5,0.351147
116.400000,5,0.636959
120.000000,5,0.462288
115.400000,5,0.528104
118.600000,5,0.522212
117.800000,5,0.504682
121.600000,5,0.553988
120.000000,5,0.631103
118.600000,5,0.695370
115.000000,5,0.481841
118.800000,5,0.502262
116.400000,5,0.580443
115.400000,5,0.515622
119.800000,5,0.512025
118.600000,5,0.770785
119.000000,5,0.495957
120.400000,5,0.513515
114.600000,5,0.481851
110.400000,5,0.908690
120.200000,5,0.509369
117.800000,5,0.790823
116.200000,5,0.459763
115.800000,5,0.500665
116.000000,5,0.472890
119.200000,5,0.528859
116.400000,5,0.490652
118.600000,5,0.539858
116.000000,5,0.462585
117.000000,5,0.574736
121.000000,5,0.520460
116.000000,5,0.513881
115.800000,5,0.496154
116.200000,5,0.493807
114.800000,5,0.464090
116.400000,5,0.508751
117.600000,5,0.590121
116.600000,5,0.561538
116.200000,5,0.476659
116.200000,5,0.466506
117.000000,5,0.505302
117.000000,5,0.648207
118.800000,5,1.004736
118.000000,5,0.546520
117.000000,5,0.811390
118.800000,5,0.593063
116.200000,5,0.495068
115.800000,5,0.508289
117.000000,5,0.687843
115.400000,5,0.560167
117.000000,5,0.477477
116.000000,5,0.487630
116.000000,5,0.453882
117.400000,5,0.559995
121.600000,5,0.486983
116.600000,5,0.619833
116.200000,5,0.525049
115.000000,5,0.506385
119.000000,5,0.516317
113.200000,5,0.659500
115.600000,5,0.508982
119.000000,5,0.511272
117.800000,5,0.604809
117.400000,5,0.591902
115.800000,5,0.473679
119.600000,5,0.532944
118.600000,5,0.501894
115.800000,5,0.466803
112.600000,5,1.109927
116.000000,5,0.673835
117.400000,5,0.767769
116.000000,5,0.481847
114.800000,5,0.503799
118.200000,5,0.485169
116.600000,5,0.513884
121.000000,5,0.519486
120.000000,5,0.509725
117.800000,5,0.554969
120.800000,5,0.510358
116.800000,5,0.551850
117.600000,5,0.708435
118.600000,5,0.654285
122.400000,5,0.494983
122.000000,5,0.536670
121.600000,5,0.487813
115.800000,5,0.571820
119.800000,5,0.499415
115.600000,5,0.474233
119.800000,5,0.544616
119.000000,5,0.624971
118.800000,5,0.531994
121.000000,5,0.518065
117.800000,5,0.537182
117.400000,5,0.502552
118.000000,5,0.537018
116.600000,5,0.556340
116.200000,5,0.519878
114.600000,5,0.478524
114.000000,5,0.663208
114.400000,5,0.636712
114.400000,5,0.501750
121.600000,5,0.595722
116.400000,5,0.533238
121.200000,5,0.482270
116.200000,5,0.503335
120.800000,5,0.526568
118.200000,5,0.755663
120.800000,5,1.048761
118.400000,5,0.560536
118.400000,5,0.553241
115.600000,5,0.473104
116.800000,5,0.510053
119.000000,5,0.685541
122.200000,5,0.670360
117.400000,5,0.679199
117.400000,5,0.503731
121.200000,5,0.890308
117.800000,5,0.557817
117.000000,5,0.718764
116.400000,5,0.628057
121.400000,5,0.495061
117.000000,5,0.490700
122.400000,5,0.517916
119.800000,5,0.727831
118.200000,5,0.552073
115.800000,5,0.451800
122.800000,5,0.699999
121.800000,5,0.501056
116.000000,5,0.695681
115.600000,5,0.499433
119.800000,5,0.855204
114.000000,5,0.519148
120.600000,5,0.505466
117.200000,5,0.636040
118.200000,5,0.579332
122.800000,5,0.539139
114.000000,5,0.549513
119.400000,5,0.572159
118.000000,5,0.771742
115.000000,5,0.607581
117.600000,5,0.572249
121.200000,5,0.520383
118.600000,5,0.526556
120.400000,5,0.514357
117.800000,5,0.526111
118.800000,5,0.566476
117.600000,5,0.542011
118.600000,5,0.775531
117.400000,5,0.609945
119.000000,5,0.732611
79.400000,5,0.391247
81.200000,5,0.393973
141.800000,5,0.720530
83.600000,5,0.559283
77.800000,5,0.283399
83.200000,5,0.436398
76.600000,5,0.277093
79.200000,5,0.467675
75.400000,5,0.303171
72.800000,5,0.317085
80.400000,5,0.471009
74.800000,5,0.256576
78.000000,5,0.287991
86.400000,5,0.559305
78.800000,5,0.390757
75.800000,5,0.269339
81.600000,5,0.366567
75.200000,5,0.352540
74.800000,5,0.237597
76.000000,5,0.326569
71.600000,5,0.327920
87.000000,5,0.664698
61.800000,5,0.215366
75.400000,5,0.287462
74.200000,5,0.315821
76.800000,5,0.309382
69.600000,5,0.294560
76.200000,5,0.421613
78.800000,5,0.475081
75.800000,5,0.316387
72.600000,5,0.289653
78.200000,5,0.445180
71.000000,5,0.298121
81.000000,5,0.464945
69.800000,5,0.293935
75.200000,5,0.321769
76.000000,5,0.279128
73.400000,5,0.335890
78.600000,5,0.379471
74.000000,5,0.319322
77.400000,5,0.293231
81.400000,5,0.467639
76.800000,5,0.318039
79.400000,5,0.470134
141.600000,5,0.721134
86.600000,5,0.435979
75.400000,5,0.292708
76.200000,5,0.273722
140.400000,5,0.819598
74.200000,5,0.374821
79.000000,5,0.348598
79.000000,5,0.269747
76.200000,5,0.517859
73.600000,5,0.302022
76.800000,5,0.262983
140.000000,5,0.723537
74.200000,5,0.299313
80.200000,5,0.460387
76.400000,5,0.252383
76.000000,5,0.291643
71.200000,5,0.307951
71.800000,5,0.312495
61.800000,5,0.195584
78.400000,5,0.383966
62.200000,5,0.217023
88.600000,5,0.807190
140.000000,5,0.957135
75.200000,5,0.331816
75.600000,5,0.318837
75.400000,5,0.280182
74.200000,5,0.386716
77.800000,5,0.451205
76.800000,5,0.323197
76.200000,5,0.245568
72.000000,5,0.324644
81.800000,5,0.486663
72.800000,5,0.260234
72.200000,5,0.374145
74.800000,5,0.462547
81.600000,5,0.375472
76.400000,5,0.334891
81.800000,5,0.429969
76.600000,5,0.382366
76.600000,5,0.332580
76.600000,5,0.304188
78.000000,5,0.256478
75.200000,5,0.284489
79.200000,5,0.329406
69.000000,5,0.240629
77.400000,5,0.323221
76.600000,5,0.321656
79.600000,5,0.362949
