74.200000,20,4.739877
77.650000,20,10.456844
76.750000,20,7.622442
75.800000,20,5.491917
117.850000,20,4.270635
122.900000,20,3.674796
121.900000,20,3.526764
121.350000,20,4.618264
116.700000,20,3.919454
377.333333,3,33.342761
77.250000,20,11.375305
76.750000,20,6.684278
75.200000,20,5.755021
76.150000,20,3.775241
121.450000,20,3.518696
116.400000,20,4.059856
75.700000,20,5.398928
75.350000,20,5.368329
76.900000,20,5.995909
75.800000,20,3.251953
116.550000,20,4.714926
116.200000,20,4.602877
116.800000,20,4.257202
118.300000,20,4.088370
76.300000,20,6.752249
116.850000,20,4.350596
116.700000,20,4.193406
123.000000,20,3.475610
117.650000,20,4.347927
116.550000,20,3.886913
74.800000,20,8.130289
116.450000,20,4.032058
75.050000,20,4.413375
115.500000,20,4.361591
116.450000,20,4.314613
75.100000,20,9.982410
121.900000,20,3.835957
117.050000,20,4.227201
117.550000,20,4.271147
75.300000,20,6.309391
116.250000,20,3.789518
75.550000,20,3.873556
116.150000,20,4.208991
121.950000,20,3.879708
116.100000,20,3.918109
115.500000,20,4.863529
76.750000,20,6.282210
76.400000,20,5.561881
75.900000,20,5.150238
74.850000,20,3.182189
117.250000,20,3.831138
116.600000,20,4.350770
75.850000,20,6.698488
116.050000,20,3.930755
79.650000,20,13.803813
116.400000,20,4.361214
76.700000,20,10.290848
123.050000,20,3.418128
76.150000,20,5.003546
121.850000,20,4.081530
76.000000,20,4.919681
116.800000,20,4.271374
115.750000,20,3.999802
75.300000,20,7.242552
116.900000,20,4.124090
77.550000,20,4.469620
75.850000,20,4.905110
115.850000,20,4.461560
76.600000,20,8.754058
77.700000,20,18.635542
116.850000,20,5.175770
76.000000,20,4.171837
116.800000,20,3.929307
117.000000,20,4.162140
115.800000,20,4.319454
79.400000,20,16.270995
115.900000,20,4.883070
76.100000,20,12.570953
77.250000,20,5.257559
76.700000,20,6.317271
75.300000,20,3.395696
76.450000,20,5.010370
78.650000,20,5.112677
76.900000,20,5.869953
116.650000,20,5.044098
77.100000,20,9.882464
75.400000,20,12.622138
123.350000,20,3.689295
115.700000,20,3.640112
74.700000,20,4.436112
74.800000,20,8.190699
121.600000,20,3.891885
74.400000,20,4.161895
76.900000,20,8.342316
121.050000,20,3.619215
76.150000,20,8.419485
74.950000,20,2.646031
117.150000,20,4.181692
121.700000,20,3.705005
78.600000,20,11.923161
121.500000,20,3.951728
76.350000,20,9.524875
75.250000,20,2.444462
121.600000,20,3.899303
77.250000,20,7.044004
76.900000,20,8.037382
76.900000,20,9.148090
75.400000,20,5.069226
116.100000,20,4.313619
115.950000,20,3.912682
117.400000,20,4.398583
77.750000,20,4.820721
76.350000,20,5.682299
121.750000,20,3.822598
78.900000,20,8.667950
75.100000,20,7.049983
74.850000,20,5.987410
75.950000,20,5.971097
117.250000,20,4.493566
117.450000,20,4.259565
117.850000,20,3.526881
76.250000,20,7.074224
75.450000,20,5.149632
77.450000,20,9.040339
78.050000,20,7.374487
76.050000,20,6.727941
75.000000,20,4.162506
116.900000,20,4.154990
117.200000,20,3.303762
123.300000,20,3.759564
77.500000,20,8.751492
74.000000,5,0.304692
123.000000,20,3.287443
116.350000,20,5.471037
116.650000,20,4.164693
117.450000,20,4.277744
121.550000,20,3.294858
77.000000,20,5.826701
121.500000,20,3.648165
121.650000,20,3.729785
76.750000,20,10.284629
116.050000,20,4.568043
75.100000,20,5.763421
78.550000,20,11.531395
74.800000,20,3.477692
117.450000,20,3.826534
117.200000,20,4.011277
119.700000,20,3.497204
116.700000,20,3.914935
75.000000,20,4.430643
76.700000,20,9.387126
77.250000,20,6.598935
122.900000,20,3.140743
120.950000,20,3.632842
123.650000,20,3.809911
76.500000,20,5.478791
116.750000,20,3.546112
75.100000,20,4.109226
116.500000,20,4.295792
77.400000,20,5.240481
76.000000,20,3.915483
75.300000,20,3.675641
75.300000,20,6.178401
116.350000,20,5.224919
76.650000,20,7.713073
75.400000,20,4.034466
78.350000,20,11.434692
77.050000,20,5.562778
76.400000,20,6.178980
77.550000,20,6.502344
76.350000,20,12.771605
77.150000,20,6.410811
76.500000,20,6.168028
76.550000,20,6.542901
116.900000,20,3.626489
121.500000,20,3.507802
75.700000,20,4.033267
122.900000,20,3.481493
76.150000,20,8.688468
74.400000,20,4.408716
117.150000,20,4.477017
75.050000,20,7.280478
115.750000,20,4.199089
75.150000,20,4.673702
75.700000,20,6.961297
75.000000,20,4.772741
122.200000,20,4.014185
76.550000,20,9.036043
117.400000,20,4.370420
122.700000,20,3.943678
77.750000,20,12.948788
73.550000,20,2.580312
116.500000,20,3.636238
116.900000,20,4.218714
74.500000,20,3.745359
76.100000,20,4.215461
74.100000,20,3.036248
77.850000,20,15.228262
76.300000,20,9.082433
76.500000,20,6.182337
76.050000,20,4.739724
116.750000,20,4.078858
116.950000,20,3.630518
75.550000,20,7.212041
75.300000,20,4.433728
75.850000,20,9.784068
74.800000,20,3.658792
73.900000,20,4.833997
76.300000,20,4.635378
78.700000,20,11.300944
121.950000,20,3.542743
121.750000,20,4.056447
121.400000,20,3.696514
116.300000,20,4.261560
123.300000,20,3.660869
75.750000,20,5.082117
117.100000,20,3.613527
77.250000,20,19.610409
116.050000,20,4.690337
115.400000,20,4.366927
76.300000,20,6.214683
75.100000,20,6.370509
116.250000,20,3.736321
122.300000,20,3.379847
116.950000,20,3.657508
75.750000,20,7.299833
77.050000,20,6.660626
76.750000,20,7.829124
75.750000,20,9.812334
74.700000,20,4.018227
116.700000,20,4.313904
121.350000,20,3.498428
79.500000,20,15.451197
115.700000,20,4.707634
114.850000,20,4.358248
121.550000,20,3.893846
74.450000,20,5.707881
116.650000,20,3.613906
121.400000,20,4.828109
77.000000,20,7.232351
123.500000,20,3.288730
121.500000,20,3.562294
78.850000,20,9.035350
78.650000,20,13.520157
117.500000,20,4.558815
75.500000,20,5.259704
75.800000,20,5.332594
75.700000,20,5.668785
75.750000,20,9.523150
116.450000,20,4.007948
121.950000,20,3.829691
117.100000,20,3.695284
75.250000,20,6.415443
76.450000,20,9.005561
77.400000,20,5.869066
75.700000,20,7.185180
116.900000,20,3.943328
76.600000,20,12.848550
122.150000,20,3.686103
76.750000,20,7.992259
121.650000,20,3.658200
122.050000,20,3.584585
117.100000,20,4.379923
76.300000,20,12.440902
116.500000,20,4.379347
76.250000,20,9.932115
117.400000,20,4.069523
76.600000,20,4.327002
116.800000,20,4.501445
117.050000,20,3.786009
75.850000,20,4.813433
75.550000,20,5.927078
116.400000,20,4.436558
77.400000,20,8.705707
117.550000,20,3.497927
75.350000,20,4.411097
78.850000,20,12.636201
76.450000,20,15.313484
77.950000,20,11.769726
116.750000,20,5.332699
115.800000,20,4.124676
117.300000,20,4.212186
116.600000,20,3.975425
77.000000,20,4.430831
75.950000,20,6.137793
117.350000,20,3.859142
116.450000,20,3.902529
121.350000,20,3.760015
117.200000,20,4.307774
76.500000,20,6.274037
74.750000,20,5.726848
75.600000,20,6.518131
117.150000,20,4.013097
115.650000,20,3.610666
121.900000,20,3.766909
75.100000,20,3.539721
76.550000,20,6.447960
121.600000,20,3.720876
116.050000,20,3.907155
123.400000,20,3.625798
75.950000,20,4.899216
75.500000,20,5.010403
116.850000,20,4.123821
73.850000,20,2.359934
122.200000,20,4.001765
121.750000,20,3.892869
117.350000,20,3.720563
75.550000,20,4.456074
74.950000,20,6.794427
121.600000,20,3.544541
75.200000,20,4.274671
76.200000,20,10.689132
116.450000,20,4.228688
76.600000,20,5.792568
116.100000,20,3.687838
74.150000,20,6.330268
117.000000,20,3.537258
116.800000,20,3.752137
119.650000,20,5.448665
75.300000,20,8.359496
121.600000,20,4.045166
73.950000,20,3.143061
116.400000,20,3.750254
77.750000,20,9.414007
75.700000,20,11.788909
75.150000,20,4.722504
76.900000,20,16.137889
114.950000,20,4.872453
75.650000,20,4.653949
75.950000,20,5.015081
118.050000,20,3.891050
74.800000,20,4.226788
75.850000,20,4.038125
116.550000,20,3.808781
76.000000,20,4.501191
117.150000,20,4.191664
76.600000,20,6.469635
75.000000,20,3.034410
74.400000,20,2.723065
117.050000,20,3.813007
116.150000,20,4.137714
77.100000,20,9.768937
76.650000,20,9.402079
116.900000,20,4.542165
116.000000,20,4.447673
117.650000,20,3.861674
115.000000,20,4.005711
75.750000,20,4.336980
79.000000,20,10.139392
121.750000,20,3.550632
73.900000,20,2.620478
122.000000,20,4.292547
117.350000,20,4.155037
116.700000,20,3.856975
115.800000,20,5.582306
116.600000,20,4.484048
123.300000,20,3.563125
75.700000,20,4.993117
117.000000,20,3.509449
120.900000,20,3.592153
116.550000,20,3.782434
121.800000,20,3.308903
122.200000,20,3.506046
77.650000,20,14.627836
77.300000,20,13.568741
75.800000,20,7.555943
116.600000,20,4.400818
78.100000,20,13.760580
115.600000,20,4.697309
76.050000,20,4.920779
77.050000,20,10.811714
116.450000,20,5.007881
77.800000,20,9.899053
78.750000,20,9.527452
75.500000,20,4.875958
77.500000,20,13.774414
121.700000,20,3.708353
78.450000,20,8.486458
116.700000,20,4.439359
115.850000,20,4.283562
74.450000,20,5.655543
75.800000,20,7.415995
116.250000,20,4.925301
123.250000,20,3.897510
115.750000,20,4.202000
121.800000,20,3.637120
116.700000,20,4.279472
75.600000,20,4.568584
75.950000,20,7.104701
76.750000,20,11.084525
76.500000,20,10.393773
76.250000,20,5.395180
117.350000,20,4.409834
119.600000,20,3.800282
77.300000,20,6.810122
117.000000,20,4.002845
76.350000,20,6.977733
121.450000,20,3.601501
75.700000,20,9.574008
76.150000,20,7.321558
74.700000,20,5.400336
75.200000,20,5.790550
117.050000,20,4.466820
116.800000,20,3.764015
116.350000,20,4.144416
116.800000,20,4.204131
77.500000,20,11.906186
123.000000,20,3.766367
116.550000,20,4.074743
74.750000,20,4.424003
117.750000,20,4.310405
76.500000,20,6.319211
121.750000,20,3.995393
116.200000,20,3.859100
117.850000,20,4.239759
74.600000,20,4.751911
76.700000,20,5.137651
115.850000,20,3.973595
121.750000,20,3.785088
75.000000,20,4.816232
116.850000,20,4.423335
118.800000,10,1.957496
117.150000,20,3.934307
75.950000,20,5.333135
76.300000,20,5.438272
116.700000,20,3.795734
116.000000,20,4.324520
116.650000,20,3.801014
116.650000,20,4.084763
77.050000,20,4.797024
76.900000,20,9.067888
75.500000,20,6.609392
123.200000,20,3.304708
76.700000,20,9.474438
116.850000,20,4.068285
117.100000,20,4.557869
117.150000,20,4.019209
78.400000,20,13.463735
77.950000,20,15.495414
116.050000,20,4.136816
118.500000,20,3.806266
76.200000,20,10.076894
116.400000,20,3.801663
121.450000,20,3.990053
116.900000,20,3.658961
77.200000,20,11.918731
78.000000,20,12.322494
75.700000,20,4.141020
121.550000,20,3.420201
74.350000,20,2.210144
116.800000,20,3.718160
75.850000,20,5.764408
77.800000,20,9.484474
75.600000,20,5.162632
75.900000,20,8.535971
75.100000,20,3.963407
117.550000,20,4.132340
116.700000,20,3.836852
123.166667,18,3.082077
121.850000,20,3.685001
76.050000,20,5.958499
75.900000,20,11.819125
75.650000,20,5.886357
116.200000,20,4.123337
121.900000,20,3.507390
115.800000,20,4.548531
117.150000,20,4.456055
117.250000,20,4.047470
77.000000,20,9.430419
73.700000,20,3.315335
116.650000,20,4.519429
122.850000,20,3.679612
116.500000,20,4.509204
76.750000,20,7.405700
77.450000,20,9.115039
76.600000,20,7.733113
77.850000,20,13.280278
115.950000,20,4.600579
122.100000,20,4.318064
116.100000,20,4.160509
122.050000,20,3.430922
76.650000,20,6.020838
123.000000,20,3.372675
78.250000,20,9.053603
76.550000,20,6.364094
75.250000,20,9.631281
116.550000,20,4.338950
77.450000,20,12.633506
116.000000,20,4.029532
116.800000,20,4.537233
117.050000,20,3.978187
74.700000,20,4.449111
77.550000,20,6.496982
116.400000,20,4.635139
121.550000,20,3.888673
117.100000,20,4.939627
74.800000,20,5.475179
115.650000,20,3.888257
116.350000,20,4.635514
116.400000,20,4.056184
116.750000,20,4.537737
121.500000,20,4.155462
76.650000,20,10.467685
77.800000,20,10.016602
75.800000,20,4.314949
75.450000,20,5.504014
116.500000,20,4.325554
76.250000,20,6.161431
77.250000,20,9.127880
76.450000,20,10.059338
75.500000,20,5.422581
116.850000,20,3.809572
116.900000,20,3.720349
74.400000,20,6.760035
74.750000,20,5.011749
76.700000,20,16.193752
77.950000,20,11.467759
79.050000,20,7.886327
123.300000,20,3.578889
116.550000,20,3.895993
76.300000,20,10.002201
76.150000,20,4.997413
74.600000,20,3.163913
116.150000,20,4.602257
116.750000,20,4.197754
123.050000,20,4.178963
122.050000,20,3.632828
116.950000,20,4.027092
76.800000,20,4.497089
117.100000,20,4.480588
75.650000,20,10.978552
115.900000,20,4.661738
77.700000,20,10.859610
75.550000,20,6.294603
121.200000,20,3.402929
115.950000,20,3.864524
74.700000,20,5.113372
116.050000,20,4.092965
116.100000,20,5.224595
121.850000,20,3.964640
116.750000,20,4.797350
117.450000,20,4.655186
116.600000,20,4.084518
116.800000,20,3.830905
123.000000,20,3.967188
77.050000,20,8.575380
75.700000,20,5.408412
75.900000,20,10.159158
117.100000,20,3.984545
75.750000,20,8.235121
122.000000,20,3.533249
121.900000,20,3.674292
116.150000,20,4.608243
74.600000,20,4.397519
117.550000,20,4.396971
121.600000,20,3.967403
75.800000,20,7.735367
76.250000,20,6.775984
116.350000,20,4.028980
116.750000,20,3.740666
121.900000,20,4.095236
76.250000,20,11.031182
74.900000,20,6.689590
117.200000,20,4.990460
117.850000,20,4.298471
116.350000,20,5.154229
76.100000,20,3.887961
78.750000,20,6.339778
73.650000,20,2.476377
75.550000,20,7.779256
121.150000,20,4.053515
117.550000,20,4.338237
116.750000,20,4.323040
77.150000,20,11.472841
75.900000,20,4.597663
123.600000,20,3.650904
75.900000,20,4.519834
75.800000,20,10.615319
76.600000,20,12.823858
116.550000,20,3.882961
117.300000,20,3.936671
117.100000,20,3.951541
117.400000,20,3.805819
78.550000,20,15.541484
123.050000,20,3.597162
74.350000,20,4.185557
122.000000,20,4.205843
116.600000,20,4.448963
121.900000,20,4.413397
116.550000,20,4.221327
78.300000,20,10.511333
115.600000,20,3.683081
121.500000,20,3.904110
116.950000,20,4.865113
75.400000,20,5.857975
77.600000,20,6.979878
123.000000,20,3.618695
116.650000,20,4.222470
77.600000,20,6.137877
121.800000,20,4.338016
123.400000,20,4.066203
77.950000,20,10.035307
122.100000,20,4.525152
115.550000,20,3.819422
118.600000,20,3.971858
117.100000,20,3.990929
75.050000,20,4.008021
121.050000,20,3.725631
117.300000,20,4.219209
77.850000,20,10.288162
75.450000,20,5.636330
116.150000,20,4.811038
77.800000,20,4.969137
75.700000,20,6.019780
77.050000,20,10.784680
123.000000,20,3.581837
116.050000,20,4.712603
77.550000,20,11.887183
77.100000,20,12.405985
74.550000,20,3.973607
116.850000,20,4.168467
116.800000,20,4.044899
77.600000,20,13.524304
77.000000,20,4.525133
78.300000,20,13.536573
115.400000,20,4.545063
117.700000,20,4.018222
116.850000,20,4.294033
77.400000,20,8.749311
116.800000,20,3.955352
117.300000,20,3.926805
120.500000,20,4.837987
77.000000,20,12.747747
76.000000,20,13.051526
116.650000,20,3.662762
117.000000,20,3.936005
75.200000,20,2.828584
77.750000,20,8.037196
123.400000,20,3.827832
75.550000,20,4.650601
77.500000,20,17.376224
76.850000,20,10.686941
116.550000,20,3.965255
75.350000,20,7.197791
116.650000,20,4.764574
77.300000,20,15.027352
116.350000,20,3.636809
77.700000,20,4.695751
116.400000,20,4.262397
117.700000,20,4.049653
80.000000,20,12.834753
76.300000,20,3.583269
76.250000,20,14.222616
116.350000,20,4.418271
76.800000,20,6.833375
75.250000,20,4.373651
76.550000,20,9.828196
121.500000,20,3.909477
76.800000,20,8.635249
123.000000,20,3.477935
74.550000,20,4.003008
115.750000,20,4.514879
121.500000,20,4.011328
76.000000,20,10.071755
116.450000,20,4.337783
77.200000,20,7.346351
116.850000,20,4.182996
77.200000,20,5.083916
76.900000,20,5.066345
121.950000,20,3.513907
116.050000,20,3.963793
77.600000,20,10.912091
116.700000,20,4.747651
75.550000,20,6.903745
116.300000,20,4.572714
116.400000,20,4.067598
121.450000,20,3.858630
77.100000,20,7.250858
116.700000,20,3.851875
117.250000,20,4.308257
76.350000,20,5.883183
119.650000,20,3.524322
73.950000,20,3.548712
117.200000,20,3.712638
75.100000,20,3.538168
122.050000,20,3.598335
77.250000,20,8.131312
115.700000,20,4.196532
76.100000,20,6.804571
123.000000,20,3.744656
76.600000,20,5.514940
76.800000,20,6.661767
121.550000,20,3.859851
116.100000,20,4.411486
116.850000,20,4.400587
77.150000,20,6.896444
116.900000,20,4.139244
115.700000,20,4.031865
121.500000,20,3.737776
123.050000,20,3.574346
76.400000,20,10.187214
117.200000,20,4.398033
117.000000,20,4.269953
122.100000,20,3.844231
116.200000,20,4.434720
116.250000,20,4.022997
116.550000,20,3.910553
75.600000,20,4.739193
123.200000,20,3.774384
75.800000,20,6.629199
117.700000,20,4.018049
76.550000,20,6.357931
115.700000,20,4.267278
116.550000,20,4.051307
121.150000,20,3.826200
76.650000,20,6.496334
118.000000,20,3.651544
78.750000,20,11.864267
75.500000,20,3.822773
76.100000,20,8.808989
114.900000,20,4.767070
76.500000,20,5.682228
75.300000,20,6.572625
117.000000,20,4.298396
121.800000,20,3.694985
122.050000,20,3.789127
74.900000,20,5.217673
123.000000,20,3.638825
116.500000,20,4.071323
117.050000,20,4.240325
116.650000,20,4.254998
76.650000,20,6.306144
76.750000,20,9.384266
75.550000,20,7.883934
76.250000,20,5.509404
122.000000,20,3.286220
115.750000,20,3.950257
115.150000,20,4.555443
116.750000,20,3.938505
75.300000,20,4.623164
121.950000,20,3.705923
76.750000,20,5.759790
116.450000,20,4.729243
115.550000,20,4.530710
117.500000,20,4.211241
116.800000,20,4.080333
116.050000,20,3.949286
117.650000,20,3.868228
76.000000,20,8.249651
76.250000,20,11.318133
76.900000,20,8.826866
76.100000,20,4.339907
79.000000,20,8.154505
76.450000,20,9.382144
76.150000,20,5.861406
75.000000,20,4.094854
121.700000,20,4.226171
116.600000,20,4.978638
77.850000,20,9.867496
115.400000,20,3.602952
117.350000,20,3.904952
76.200000,20,6.669537
115.600000,20,3.800044
76.100000,20,6.075318
75.850000,20,4.595990
75.600000,20,5.232193
123.100000,20,3.545398
78.550000,20,7.465002
116.600000,20,4.061821
76.750000,20,4.144357
77.800000,20,11.764874
75.500000,20,6.977168
77.450000,20,8.157396
76.550000,20,6.836806
117.150000,20,3.276172
77.150000,20,3.614594
77.500000,20,8.817893
76.800000,20,10.004187
76.150000,20,9.622555
122.950000,20,3.041185
74.650000,20,3.568592
75.300000,20,3.877553
74.600000,20,2.545756
76.200000,20,5.058412
76.100000,20,5.877844
117.350000,20,4.042418
77.250000,20,13.487157
76.400000,20,4.973443
76.450000,20,4.892682
116.700000,20,3.319343
116.050000,20,2.985352
77.250000,20,3.817479
117.200000,20,4.323550
77.950000,20,9.232369
75.200000,20,3.953744
116.800000,20,4.171673
78.000000,20,11.168262
115.950000,20,3.356903
117.454545,11,1.174765
115.600000,20,3.117143
75.050000,20,6.945860
121.950000,20,3.847569
115.800000,20,4.202778
116.650000,20,4.210923
76.200000,20,5.628620
115.700000,20,3.476338
116.350000,20,3.309557
122.650000,20,4.144375
121.600000,20,4.419313
117.450000,20,4.127018
121.050000,20,5.580749
76.750000,20,8.363875
121.350000,20,3.273712
78.600000,20,9.111670
116.750000,20,3.240059
120.750000,20,2.564927
116.500000,20,4.455071
116.400000,20,4.463911
75.900000,20,12.756791
78.050000,20,7.929072
75.200000,20,4.801842
117.900000,20,3.144478
76.400000,20,3.571677
116.650000,20,2.395015
120.750000,20,5.328413
74.850000,20,2.772365
75.000000,20,5.157167
76.100000,20,8.304586
76.500000,20,7.931770
116.350000,20,3.407697
77.450000,20,5.417401
77.550000,20,5.007391
74.950000,20,6.983144
75.450000,20,8.531804
122.000000,20,3.931278
123.050000,20,3.359697
77.250000,20,4.679837
121.550000,20,3.225649
121.850000,20,3.191530
74.900000,20,4.185735
76.700000,20,6.459199
76.500000,20,4.584789
76.500000,20,5.758304
79.550000,20,5.548531
76.500000,20,5.849345
76.100000,20,4.281124
76.200000,20,3.693858
115.050000,20,2.845409
77.200000,20,7.584695
121.500000,20,3.935322
116.400000,20,3.794988
123.050000,20,3.130249
76.850000,20,8.790963
121.500000,20,2.704260
115.600000,20,2.909318
74.600000,20,2.490526
77.450000,20,7.472387
116.100000,20,4.293290
76.350000,20,5.088713
116.050000,20,3.908671
76.150000,20,4.597080
77.000000,20,5.772773
122.100000,20,2.595446
76.450000,20,3.378339
116.550000,20,4.403902
117.200000,20,4.273721
76.550000,20,11.332157
121.600000,20,3.135389
121.700000,20,2.929703
121.300000,20,2.723827
122.250000,20,2.627614
116.850000,20,2.589967
76.400000,20,5.383969
119.450000,20,3.504898
121.900000,20,3.153285
116.950000,20,3.602990
116.500000,20,4.440159
75.500000,20,5.998366
76.750000,20,4.008400
73.700000,20,2.265943
115.100000,20,4.168459
77.100000,20,5.986784
116.550000,20,3.492909
116.050000,20,6.045859
119.300000,20,2.797050
78.650000,20,5.822170
117.700000,20,2.789614
76.000000,20,2.982976
77.150000,20,8.944564
78.000000,20,10.587152
122.000000,20,2.937522
76.350000,20,4.248323
115.300000,20,2.671570
117.600000,20,2.692199
75.750000,20,2.858206
75.950000,20,2.488898
117.100000,20,4.067831
116.900000,20,4.080976
122.150000,20,3.284464
76.750000,20,6.054622
77.400000,20,6.596064
74.150000,20,2.536316
123.050000,20,2.262347
121.500000,20,2.311599
76.200000,20,6.398139
116.950000,20,3.226453
116.650000,20,4.039843
123.200000,20,3.075405
116.850000,20,2.962376
76.200000,20,2.759714
121.800000,20,2.621370
115.650000,20,2.632030
115.650000,20,5.033705
118.000000,20,3.494792
121.850000,20,3.537581
76.450000,20,9.102951
75.100000,20,3.119680
116.100000,20,2.713701
123.050000,20,2.424002
123.050000,20,2.102560
114.500000,20,4.380339
76.700000,20,4.341372
78.150000,20,8.189090
