56.750000,4,0.099690
145.500000,8,0.911147
92.333333,3,0.117186
186.666667,3,1.260287
72.636364,11,0.692559
99.500000,2,0.078994
149.200000,5,0.570205
147.764706,17,3.940148
57.600000,5,0.126166
77.000000,2,0.069250
149.500000,2,0.200325
101.250000,4,0.362101
213.000000,2,0.354173
196.000000,2,0.308657
75.583333,12,0.711327
53.000000,6,0.124372
76.350000,20,1.924043
94.000000,3,0.100405
70.666667,6,0.185125
89.285714,7,0.483793
60.000000,12,0.445691
78.000000,2,0.056343
116.500000,4,0.267743
69.000000,2,0.064862
210.000000,3,0.582642
84.052632,19,1.811908
59.000000,3,0.140105
174.833333,12,6.800481
73.000000,2,0.071055
262.000000,2,0.579863
83.000000,2,0.068944
135.000000,2,0.144486
67.500000,2,0.056785
132.000000,2,0.152191
27.000000,2,0.030396
133.500000,2,0.170296
96.000000,2,0.206515
74.000000,2,0.064028
28.000000,3,0.046775
138.000000,3,0.317422
91.090909,11,0.870408
115.333333,3,0.241780
123.000000,5,0.323375
64.000000,2,0.056661
53.000000,8,0.254623
234.375000,16,95.310161
46.300000,10,0.269710
55.333333,3,0.068800
168.000000,2,0.191919
76.000000,2,0.055475
110.000000,11,1.333553
85.600000,5,0.262528
139.333333,3,0.322695
247.066667,15,11.107076
84.000000,16,2.592359
136.000000,2,0.190677
211.400000,10,5.957041
83.000000,2,0.093860
155.166667,6,1.246577
81.571429,7,0.371940
77.000000,2,0.079748
98.600000,5,0.315824
162.500000,4,0.862501
95.000000,2,0.096186
87.000000,8,0.638161
44.894737,19,0.890245
284.625000,8,3.750366
80.500000,2,0.060876
75.666667,3,0.086067
81.000000,2,0.173943
74.600000,5,0.174216
79.000000,2,0.052428
180.000000,4,0.568617
91.000000,2,0.076476
88.166667,6,0.417792
37.000000,2,0.031749
36.000000,9,0.226653
101.000000,4,0.199852
71.000000,2,0.077869
165.000000,5,0.682646
131.333333,3,0.251116
108.714286,7,0.658438
77.000000,11,0.626391
66.875000,8,0.386299
70.666667,3,0.076838
81.000000,3,0.083397
37.000000,2,0.029483
80.750000,4,0.128075
68.000000,2,0.058969
63.000000,2,0.043659
106.000000,3,0.139160
37.000000,2,0.062335
108.666667,6,0.398505
148.666667,3,0.259523
55.250000,8,0.252132
87.500000,2,0.065009
105.400000,5,0.280461
93.000000,2,0.161044
68.333333,3,0.072695
80.000000,3,0.108072
84.000000,2,0.065744
110.800000,10,1.763092
75.000000,2,0.049358
86.000000,3,0.099597
97.000000,3,0.140027
94.500000,2,0.140900
107.500000,2,0.090720
60.000000,4,0.082942
69.000000,2,0.050165
86.000000,2,0.058866
88.000000,2,0.060920
202.000000,2,0.302271
96.000000,2,0.077097
100.285714,7,0.535169
55.600000,5,0.131810
400.923077,13,36.346159
65.300000,10,0.665622
93.538462,13,1.225745
128.000000,6,0.511580
37.000000,12,0.368842
72.000000,5,0.147748
75.666667,3,0.082631
67.846154,13,0.715569
69.000000,2,0.046954
37.000000,2,0.029315
70.500000,2,0.048152
124.692308,13,8.117169
82.250000,8,0.621948
82.000000,2,0.082959
93.500000,4,0.192610
77.500000,2,0.074732
86.000000,3,0.104392
78.500000,4,0.195254
58.500000,2,0.034404
121.333333,6,0.424615
109.500000,2,0.105414
306.937500,16,58.864593
78.666667,12,1.105146
122.333333,3,0.256284
130.500000,2,0.243129
98.400000,5,0.333104
25.000000,2,0.057417
185.000000,3,0.551163
74.800000,5,0.184301
82.000000,2,0.141242
50.000000,2,0.033963
75.500000,6,0.233252
141.333333,6,0.601812
65.000000,19,1.260808
68.333333,6,0.315810
79.000000,16,1.065981
75.200000,20,1.923416
84.333333,3,0.094311
137.000000,2,0.231324
86.000000,2,0.075455
60.000000,4,0.089857
44.000000,3,0.068508
85.333333,18,2.237630
59.500000,4,0.087000
100.333333,3,0.232797
74.000000,2,0.050729
113.000000,2,0.111311
123.571429,7,0.590790
72.333333,3,0.084946
80.250000,4,0.117205
106.000000,7,0.551593
61.000000,2,0.038882
144.250000,20,8.192861
82.000000,2,0.070594
71.000000,2,0.079662
117.000000,2,0.099676
86.000000,2,0.143287
149.285714,7,0.972311
126.200000,5,0.422773
98.800000,5,0.275254
85.500000,2,0.068676
74.941176,17,1.319361
111.846154,13,1.396546
83.000000,3,0.186916
103.700000,10,0.798113
172.500000,4,0.674079
91.000000,3,0.113932
133.000000,3,0.369202
74.000000,2,0.045010
96.400000,5,0.213511
148.375000,8,1.632416
112.000000,6,0.488818
77.000000,2,0.059615
109.600000,5,0.266812
67.333333,3,0.077339
102.666667,3,0.122571
94.333333,3,0.118078
317.352941,17,633.981871
135.437500,16,1.853748
81.000000,2,0.054596
75.166667,6,0.341314
53.000000,2,0.038342
58.500000,2,0.041186
75.000000,3,0.064225
78.500000,4,0.120576
115.000000,2,0.118757
177.357143,14,3.701984
95.666667,3,0.136242
83.000000,3,0.100015
119.000000,2,0.113038
198.500000,6,2.137724
67.750000,4,0.132149
114.222222,9,1.028115
144.000000,2,0.187952
55.125000,8,0.359084
74.000000,2,0.050292
122.000000,8,0.818665
77.500000,2,0.053559
83.000000,2,0.058930
25.000000,4,0.049263
415.333333,6,322.395671
111.933333,15,1.374626
171.105263,19,4.567579
82.000000,2,0.047988
80.000000,13,0.626700
60.666667,3,0.045161
274.800000,5,2.295960
82.000000,3,0.096300
63.666667,3,0.097638
85.600000,15,1.246015
31.000000,3,0.039429
236.684211,19,23.466970
93.687500,16,1.951324
88.500000,4,0.224698
86.000000,2,0.192352
115.000000,12,1.526130
67.850000,20,2.319527
66.000000,5,0.221326
118.071429,14,2.400991
74.000000,2,0.068361
55.857143,14,0.635605
94.857143,7,0.490654
158.666667,3,0.336887
101.750000,4,0.194963
335.727273,11,8.844605
99.200000,5,0.373384
70.000000,3,0.091052
77.500000,2,0.063645
273.333333,3,2.095706
74.000000,6,0.240203
68.000000,2,0.065278
137.666667,3,0.241775
102.500000,2,0.103802
104.000000,5,0.304778
98.857143,7,0.424237
75.000000,2,0.068754
86.000000,2,0.065438
63.000000,2,0.044107
270.666667,9,3.977485
67.666667,3,0.075060
172.000000,2,0.225400
93.444444,9,0.522451
87.000000,3,0.121306
170.750000,4,0.548555
86.333333,3,0.118860
121.500000,2,0.181782
67.666667,3,0.143738
85.266667,15,1.091682
65.000000,2,0.051211
69.333333,3,0.070473
92.166667,12,0.866137
57.200000,5,0.207397
102.200000,5,0.268340
98.000000,5,0.258412
82.888889,18,1.569540
69.666667,3,0.187039
72.500000,6,0.214433
131.000000,3,0.210938
90.333333,3,0.127510
108.500000,2,0.153779
103.857143,7,0.415308
127.400000,5,0.450672
75.500000,2,0.056565
83.000000,2,0.059239
36.000000,3,0.148331
84.800000,5,0.191442
102.400000,5,0.351193
134.000000,5,0.481293
88.000000,6,0.372691
440.333333,3,2.773823
88.000000,2,0.064707
204.222222,18,8.003408
85.000000,5,0.186728
120.500000,2,0.219560
100.500000,6,0.414438
75.000000,2,0.054313
111.000000,3,0.183189
94.000000,2,0.077357
129.666667,3,0.217885
91.000000,8,0.606277
96.500000,2,0.096391
90.500000,6,0.305188
80.222222,9,0.536088
52.000000,2,0.063911
130.500000,4,0.363562
99.062500,16,1.581479
82.750000,4,0.141978
83.333333,3,0.097203
122.600000,5,0.493213
103.200000,5,0.318798
180.000000,14,4.015860
119.000000,3,0.228376
76.000000,2,0.058244
71.000000,3,0.088293
67.333333,3,0.087366
97.857143,7,0.372221
84.588235,17,1.707200
106.000000,12,1.052625
82.142857,7,0.568219
64.250000,4,0.094003
125.400000,5,0.393883
94.850000,20,2.232122
74.090909,11,0.853858
68.000000,2,0.046666
102.470588,17,2.183687
61.400000,5,0.136453
75.750000,4,0.158632
315.176471,17,1010.350871
100.250000,4,0.133858
167.571429,7,0.752529
194.500000,4,0.687371
94.000000,2,0.078591
87.333333,3,0.077330
73.000000,3,0.080385
130.750000,4,0.313788
74.352941,17,1.354620
107.000000,18,2.111589
190.923077,13,3.883459
82.166667,6,0.243273
83.500000,2,0.064627
51.000000,2,0.058736
90.000000,2,0.091037
227.000000,2,0.396453
151.500000,2,0.267165
59.000000,3,0.070583
236.000000,3,1.079423
152.666667,3,0.308657
408.100000,20,39.179018
67.250000,4,0.191529
87.400000,10,0.871808
75.000000,2,0.101764
119.000000,2,0.157568
84.000000,5,0.232609
91.000000,2,0.123291
286.529412,17,1308.760160
117.000000,2,0.076886
60.000000,2,0.060849
128.000000,3,0.256008
90.875000,8,0.547380
105.333333,6,0.349674
91.000000,2,0.068307
97.000000,2,0.164237
73.444444,9,0.543601
97.285714,14,1.343930
72.000000,2,0.051181
86.000000,2,0.074130
53.000000,2,0.033949
222.428571,7,2.010425
36.750000,4,0.059668
252.222222,9,5.830452
30.000000,7,0.138322
103.777778,18,2.423828
30.000000,5,0.109159
73.200000,10,0.710323
93.000000,2,0.085227
222.000000,9,2.733198
161.777778,9,1.778119
141.692308,13,2.744620
84.000000,5,0.241338
98.000000,7,0.462226
47.000000,2,0.053716
90.666667,3,0.151286
83.000000,9,0.512258
248.000000,5,1.554157
53.142857,7,0.230434
94.076923,13,1.080226
65.000000,3,0.082972
74.000000,3,0.080867
68.000000,2,0.046517
97.500000,12,0.940776
205.000000,5,0.984370
57.769231,13,0.653480
65.833333,6,0.188076
84.666667,6,0.258216
23.000000,6,0.102665
83.600000,15,1.173661
105.600000,5,0.351827
56.666667,3,0.058870
145.000000,4,0.390484
82.000000,3,0.086965
79.000000,2,0.051824
85.200000,5,0.185310
65.500000,4,0.105116
67.500000,2,0.050408
78.000000,8,0.455656
71.400000,5,0.178777
88.500000,2,0.068267
67.000000,4,0.095479
78.000000,2,0.080786
97.500000,2,0.084393
73.000000,2,0.135122
126.142857,14,3.603749
85.600000,5,0.180186
84.500000,2,0.088441
160.000000,4,0.453853
96.500000,4,0.285090
89.000000,2,0.086282
112.500000,2,0.094654
67.500000,2,0.055863
94.714286,7,0.462144
84.000000,3,0.111971
58.000000,2,0.054749
126.600000,10,1.104396
117.000000,2,0.111760
72.000000,2,0.056554
351.666667,3,1.899585
106.400000,20,3.076340
82.333333,9,0.496476
85.250000,20,2.169209
65.000000,2,0.049539
73.000000,2,0.069664
87.000000,6,0.286928
67.000000,2,0.062849
170.533333,15,27.854981
51.400000,5,0.125953
96.500000,2,0.086015
141.000000,2,0.155301
89.263158,19,1.893845
88.000000,2,0.070467
87.500000,4,0.152335
76.000000,2,0.055292
75.750000,4,0.123298
132.500000,2,0.249010
289.375000,8,4.175636
144.000000,5,0.661284
40.000000,4,0.069769
141.000000,17,23.549732
70.250000,8,0.376426
83.000000,5,0.185801
84.000000,2,0.083323
21.000000,2,0.034453
97.000000,2,0.113534
474.000000,4,4.909806
258.888889,18,56.211383
88.500000,2,0.097576
125.444444,18,3.391479
78.000000,2,0.088597
94.500000,2,0.111915
81.000000,2,0.083519
80.500000,2,0.094144
64.000000,6,0.157551
89.000000,2,0.087600
54.250000,4,0.099939
99.500000,4,0.199519
86.000000,9,0.594747
110.666667,3,0.159182
136.000000,4,0.442951
86.666667,3,0.167317
100.000000,2,0.078206
77.000000,2,0.080888
80.000000,3,0.101833
92.000000,6,0.309299
111.000000,2,0.143537
58.000000,2,0.039619
106.200000,5,0.290392
76.500000,4,0.279674
250.666667,3,0.798948
67.000000,3,0.096661
77.500000,2,0.115961
71.000000,2,0.050854
68.000000,2,0.045534
29.000000,3,0.055760
103.500000,2,0.091434
87.000000,2,0.082506
73.000000,2,0.062340
113.000000,2,0.092229
111.000000,2,0.116912
72.800000,5,0.182921
138.538462,13,3.488211
58.000000,3,0.172212
86.000000,2,0.072747
161.000000,9,3.193693
187.000000,3,0.483259
172.000000,2,0.241832
92.000000,15,1.500047
49.000000,2,0.053705
57.666667,6,0.261446
94.909091,11,0.759845
83.000000,2,0.077157
82.500000,2,0.070518
248.000000,2,0.528264
192.500000,4,0.723737
88.000000,2,0.145170
90.000000,2,0.079647
186.800000,5,0.852272
85.500000,2,0.083918
79.666667,6,0.533351
119.500000,2,0.123476
86.000000,2,0.082700
89.833333,12,1.090901
61.000000,2,0.054928
109.000000,10,0.957007
108.500000,2,0.105604
95.000000,2,0.083918
79.000000,2,0.067714
68.000000,2,0.060734
134.000000,6,0.614890
54.800000,5,0.150292
66.500000,2,0.052969
254.000000,4,1.242984
122.000000,13,2.096390
74.000000,2,0.063641
65.333333,3,0.086068
96.500000,2,0.078389
68.000000,2,0.053367
94.666667,3,0.121656
85.000000,2,0.078328
104.785714,14,3.658249
99.000000,3,0.130021
82.666667,6,0.444998
98.000000,2,0.084806
192.000000,4,0.696720
71.250000,4,0.160942
135.500000,4,0.378448
123.000000,2,0.124354
71.166667,6,0.214151
87.437500,16,1.501986
183.500000,6,1.167286
95.000000,2,0.092369
74.400000,10,0.580262
83.000000,2,0.063590
102.000000,4,0.188080
84.000000,2,0.072899
59.000000,3,0.065161
76.666667,3,0.088725
72.250000,4,0.155078
74.000000,2,0.065142
71.000000,2,0.053154
69.666667,18,1.409466
111.333333,3,0.286321
129.714286,7,0.661177
85.888889,9,0.659754
87.800000,5,0.228810
86.222222,9,0.544732
89.000000,3,0.240171
149.666667,3,0.294912
69.250000,4,0.114110
45.333333,9,0.261544
94.250000,4,0.184456
59.000000,2,0.050875
69.000000,2,0.056381
67.000000,2,0.048978
494.000000,6,10.715541
90.789474,19,2.395958
70.000000,2,0.049403
63.000000,2,0.046487
145.000000,4,0.444137
95.000000,3,0.118191
89.000000,2,0.072686
129.800000,5,0.478329
76.000000,2,0.067662
73.315789,19,1.874529
108.000000,5,0.311323
99.500000,4,0.341400
74.125000,16,1.628248
124.000000,3,0.200633
94.857143,14,1.250896
203.000000,3,0.522206
78.000000,2,0.065156
235.500000,4,1.164206
71.615385,13,0.858687
94.538462,13,1.493429
75.357143,14,1.027402
83.000000,2,0.068588
198.000000,5,1.079070
93.666667,6,0.364528
172.285714,7,1.343609
142.000000,2,0.262538
121.500000,12,1.830888
68.000000,4,0.157943
103.000000,2,0.086732
46.000000,4,0.073244
85.666667,6,0.331043
107.500000,2,0.228785
118.000000,5,0.343946
140.500000,2,0.156244
181.333333,3,0.371212
97.000000,3,0.271209
43.000000,4,0.092674
36.333333,3,0.052300
138.000000,3,0.259513
87.666667,9,2.640670
148.000000,7,0.827947
144.750000,4,0.529912
88.000000,4,0.151400
79.941176,17,1.472911
64.000000,2,0.078712
58.600000,5,0.130374
98.500000,2,0.127759
63.000000,7,0.349398
246.750000,4,1.260998
81.000000,2,0.067917
61.866667,15,1.087587
126.500000,6,0.792468
63.000000,3,0.162134
341.625000,16,193.825571
67.300000,10,0.622076
88.250000,16,1.535527
87.750000,4,0.158333
95.833333,6,0.448517
58.666667,3,0.072169
77.625000,8,0.418183
35.000000,5,0.093529
35.000000,5,0.086163
95.142857,7,1.054882
79.000000,3,0.100542
214.500000,12,7.438226
66.000000,3,0.089172
119.666667,3,0.227509
117.000000,7,0.550174
80.400000,10,0.686893
133.714286,7,0.757783
74.916667,12,0.773575
132.444444,9,1.238775
95.000000,14,1.423495
37.000000,5,0.068707
69.000000,3,0.175037
83.000000,2,0.060834
101.125000,16,1.749376
83.250000,8,0.552267
73.000000,2,0.072879
123.000000,2,0.158698
215.866667,15,242.184603
70.823529,17,0.929973
63.000000,2,0.042302
112.000000,2,0.081759
74.000000,2,0.043027
90.000000,2,0.053406
69.000000,3,0.057708
97.750000,4,0.130319
37.000000,2,0.022034
141.200000,5,0.376533
30.000000,3,0.028840
73.500000,10,0.350282
95.500000,2,0.063312
106.111111,9,0.736429
82.000000,10,0.759634
84.000000,2,0.071407
68.400000,5,0.183927
203.800000,5,1.030197
100.736842,19,2.665855
86.800000,5,0.240707
72.333333,3,0.190526
118.666667,3,0.194484
88.500000,2,0.074525
69.916667,12,0.652773
93.187500,16,2.031657
74.333333,3,0.098532
109.000000,2,0.105404
100.000000,2,0.107115
130.363636,11,1.436049
138.000000,7,0.835542
74.500000,4,0.141714
62.666667,3,0.077825
92.000000,2,0.078238
91.000000,7,0.374851
74.000000,2,0.063863
74.000000,3,0.125242
84.250000,4,0.225581
79.000000,5,0.186075
98.000000,3,0.119021
73.500000,2,0.052466
179.400000,5,0.815191
25.000000,3,0.047934
90.642857,14,1.226264
135.307692,13,2.210930
76.000000,3,0.093556
123.333333,3,0.217584
67.000000,2,0.063065
81.500000,2,0.077461
80.000000,3,0.182523
56.500000,2,0.056154
72.666667,3,0.115885
86.411765,17,1.734870
417.000000,3,2.686255
64.600000,5,0.146649
71.000000,2,0.054129
22.000000,2,0.030660
94.000000,8,0.673779
74.000000,2,0.062478
58.000000,2,0.049123
68.062500,16,1.147190
84.500000,2,0.076350
77.000000,2,0.070436
168.200000,5,0.721550
153.500000,2,0.222676
139.222222,9,1.381053
60.250000,8,0.270331
199.000000,2,0.351922
67.000000,2,0.060128
72.000000,2,0.065200
88.500000,4,0.243802
219.714286,7,1.905454
93.944444,18,2.909795
69.250000,4,0.149413
82.000000,2,0.071589
203.857143,7,5.051699
107.000000,4,0.241015
85.500000,2,0.176637
161.000000,2,0.228462
94.166667,6,0.396432
104.200000,5,0.298465
96.187500,16,1.860077
221.000000,3,0.696501
72.000000,4,0.142725
126.000000,2,0.156982
62.000000,2,0.051050
90.555556,9,0.638761
78.263158,19,1.845417
120.500000,4,0.316620
91.333333,6,0.500709
213.000000,3,0.671896
43.200000,10,0.603470
270.800000,15,10.423238
294.666667,3,1.308684
57.000000,2,0.087678
76.000000,2,0.097502
106.785714,14,1.910921
55.833333,6,0.242032
224.250000,4,1.199808
64.000000,2,0.064973
97.300000,10,1.054521
72.750000,4,0.176524
80.000000,2,0.087688
140.428571,7,1.131983
402.500000,2,1.793019
47.000000,3,0.082879
227.750000,4,1.025294
84.000000,4,0.157721
79.000000,3,0.103147
71.944444,18,1.517279
65.000000,2,0.060747
67.500000,2,0.052500
85.666667,6,0.277862
178.250000,4,0.678840
99.666667,3,0.222470
81.500000,4,0.187818
98.714286,7,0.690646
114.000000,2,0.231876
78.400000,5,0.180655
86.000000,4,0.160010
86.000000,2,0.066802
138.461538,13,3.307921
100.000000,2,0.090433
148.150000,20,10.290158
179.100000,10,2.441755
35.000000,6,0.264382
73.000000,2,0.086583
58.250000,4,0.166101
148.812500,16,10.792331
98.000000,4,0.216246
71.000000,3,0.251050
77.600000,5,0.163042
116.000000,2,0.105363
148.500000,16,8.187375
93.400000,10,1.110743
73.333333,3,0.110759
150.500000,2,0.225208
135.500000,2,0.149394
396.000000,3,2.769989
79.800000,5,0.209980
82.000000,3,0.139618
70.000000,2,0.067508
93.500000,2,0.084795
97.000000,2,0.094359
197.600000,5,1.052675
76.500000,2,0.073698
78.000000,2,0.062345
79.000000,2,0.073764
91.333333,3,0.132515
51.187500,16,0.843438
100.000000,3,0.149375
123.357143,14,2.285400
96.000000,13,2.215161
80.375000,16,2.368540
111.250000,4,0.279981
65.166667,6,0.277910
173.000000,2,0.340581
92.000000,3,0.121762
80.000000,2,0.065492
88.153846,13,1.115817
75.000000,2,0.076803
70.000000,8,0.435278
103.615385,13,1.425877
105.200000,5,0.306526
65.000000,2,0.058147
80.500000,2,0.087028
92.000000,2,0.092402
53.666667,6,0.334900
109.500000,4,0.259710
65.000000,5,0.183089
115.800000,10,1.465355
105.400000,15,2.070078
117.923077,13,1.797497
103.000000,2,0.110091
81.000000,2,0.095739
63.000000,2,0.073336
110.000000,3,0.172227
85.000000,2,0.196909
139.500000,16,5.399101
70.000000,3,0.092260
79.000000,5,0.232294
116.000000,3,0.277745
42.600000,10,0.496695
84.000000,3,0.201828
133.800000,5,0.617692
148.750000,4,0.602783
78.666667,6,0.292739
104.333333,3,0.169616
134.642857,14,3.219805
83.500000,6,0.281372
78.000000,11,1.038237
121.181818,11,1.452913
159.250000,4,0.532893
66.666667,3,0.176826
76.666667,3,0.161022
88.307692,13,1.800248
78.000000,2,0.086941
146.785714,14,3.829829
71.000000,2,0.087357
108.800000,5,0.356420
68.545455,11,0.767847
134.666667,3,0.280437
73.444444,18,2.044806
71.500000,2,0.082841
69.000000,3,0.107882
65.000000,4,0.226911
98.000000,2,0.175939
77.333333,3,0.123977
98.000000,4,0.224219
84.000000,3,0.134481
83.636364,11,0.950567
226.210526,19,146.299304
65.666667,3,0.070770
110.000000,4,0.191034
36.000000,5,0.148318
90.166667,6,0.229794
100.500000,4,0.182224
144.666667,3,0.212238
89.000000,2,0.069596
123.000000,2,0.100894
76.200000,5,0.150023
79.700000,20,1.638378
71.500000,2,0.074972
79.500000,2,0.073008
60.857143,14,1.063579
76.000000,2,0.094782
77.333333,3,0.224939
76.750000,8,0.478366
56.000000,4,0.129858
37.000000,2,0.061054
66.666667,6,0.238050
146.333333,3,0.405130
64.750000,4,0.125093
168.000000,4,0.578537
20.000000,16,0.924939
64.000000,2,0.067856
83.666667,3,0.267025
87.000000,2,0.083702
72.000000,2,0.097178
56.000000,2,0.056435
77.333333,3,0.126790
98.571429,7,0.461720
36.888889,9,0.446724
80.062500,16,1.643624
67.000000,2,0.081468
98.000000,5,0.345925
80.750000,4,0.248490
62.666667,3,0.103758
210.000000,6,1.672130
55.214286,14,0.939325
72.363636,11,0.727870
37.000000,2,0.057512
428.666667,3,3.354376
86.333333,3,0.163621
114.428571,7,1.460235
72.125000,8,0.368502
80.357143,14,1.479123
149.333333,3,0.283932
70.800000,5,0.280970
87.000000,5,0.241279
68.833333,6,0.264899
29.000000,3,0.082775
93.333333,3,0.138366
86.000000,12,1.075785
72.600000,5,0.221743
86.500000,2,0.281536
64.000000,2,0.070132
83.500000,4,0.165213
90.000000,2,0.092519
92.600000,5,0.506027
72.000000,3,0.107170
82.000000,3,0.220273
133.500000,6,1.177890
112.500000,2,0.130420
73.166667,12,0.927357
79.000000,3,0.122963
116.400000,10,1.444257
85.500000,4,0.178466
74.000000,2,0.079615
96.000000,2,0.227232
115.928571,14,1.918111
50.500000,2,0.067035
98.750000,4,0.229759
73.000000,3,0.216377
95.500000,2,0.116854
37.000000,2,0.110373
99.142857,7,0.516388
124.000000,5,0.541023
65.250000,4,0.163690
86.000000,4,0.221894
179.500000,2,0.291521
85.363636,11,0.979971
68.333333,3,0.108276
77.000000,3,0.122306
91.666667,3,0.143425
81.500000,6,0.436710
192.636364,11,15.074821
76.000000,2,0.107229
73.750000,4,0.312346
144.000000,3,0.378250
88.500000,2,0.121558
80.833333,6,0.311468
126.000000,2,0.178227
131.000000,2,0.297256
61.000000,2,0.059906
77.500000,8,0.535749
160.000000,7,1.203425
80.666667,3,0.118849
62.750000,4,0.127984
114.000000,16,2.601485
274.000000,3,1.267895
150.500000,4,0.481339
195.000000,19,103.748386
323.666667,6,5.067867
88.000000,2,0.109936
141.416667,12,2.202695
106.333333,3,0.194056
100.000000,2,0.116800
89.272727,11,1.024291
66.000000,2,0.082915
113.714286,7,1.253131
79.000000,6,0.482441
99.636364,11,1.296365
381.000000,9,22.033782
99.750000,4,0.276284
75.000000,3,0.123381
209.000000,3,0.722621
72.000000,4,0.257926
130.333333,6,0.646447
74.875000,16,3.216646
153.000000,2,0.209958
102.666667,9,0.894852
99.000000,2,0.115344
70.000000,4,0.169467
76.833333,12,0.912910
74.500000,2,0.089107
138.250000,8,7.403217
75.454545,11,1.018995
94.444444,9,0.743761
164.600000,10,2.234029
76.000000,2,0.076247
63.000000,4,0.149394
30.000000,19,1.174719
83.250000,4,0.219847
93.625000,8,0.666405
140.533333,15,2.867276
87.000000,7,0.605078
94.200000,5,0.395772
74.000000,2,0.086829
117.000000,3,0.256849
78.666667,3,0.261340
73.000000,3,0.125027
114.750000,4,0.283963
82.500000,4,0.205437
114.000000,2,0.125409
98.750000,4,0.215229
83.000000,3,0.122652
128.473684,19,4.607235
91.666667,3,0.131755
69.916667,12,0.902990
87.000000,2,0.093741
316.000000,2,1.003280
122.000000,4,0.344853
102.000000,3,0.304369
125.666667,3,0.286869
145.500000,2,0.181409
197.200000,5,1.136349
78.500000,6,0.296967
60.333333,3,0.098524
67.000000,2,0.074788
86.000000,2,0.094404
102.350000,20,3.007640
89.500000,2,0.089927
336.000000,3,1.759660
116.375000,8,0.932839
184.200000,10,3.504422
112.928571,14,2.052013
75.000000,2,0.162604
53.000000,2,0.057923
57.200000,5,0.177860
76.222222,9,0.506790
82.000000,3,0.228168
70.200000,20,2.255926
93.812500,16,1.953172
68.000000,2,0.081770
80.000000,2,0.091998
81.000000,2,0.076016
263.588235,17,28.250063
114.944444,18,3.519790
84.000000,2,0.229095
96.000000,5,0.441174
224.866667,15,20.152799
126.500000,2,0.262295
58.000000,2,0.091468
152.000000,5,0.557501
100.111111,9,0.877290
145.285714,7,0.993729
37.000000,6,0.178814
77.857143,7,0.374419
68.800000,5,0.214911
83.000000,3,0.122604
91.222222,18,2.414193
60.000000,2,0.161451
240.000000,5,1.743348
135.333333,3,0.315392
150.333333,3,0.334128
116.444444,9,0.910002
62.000000,10,0.461706
65.000000,6,0.311653
83.750000,4,0.177461
63.000000,4,0.138565
222.750000,4,0.942024
82.500000,2,0.083091
75.000000,4,0.147781
74.500000,4,0.177006
37.000000,2,0.061054
175.500000,2,0.247023
76.846154,13,1.026985
106.000000,2,0.141932
234.562500,16,8.426790
181.944444,18,60.651805
107.500000,4,0.224751
92.833333,6,0.282926
91.333333,3,0.118570
30.000000,4,0.086181
102.333333,3,0.127639
101.000000,2,0.099764
81.000000,2,0.179042
108.687500,16,1.788736
317.750000,4,1.992681
59.000000,2,0.090653
83.375000,8,0.477043
78.000000,2,0.075020
69.000000,2,0.168901
69.500000,4,0.141842
212.000000,2,0.359397
314.750000,4,2.255686
75.500000,2,0.091209
84.500000,8,0.655295
80.000000,2,0.099094
85.000000,17,2.129459
133.000000,2,0.265191
35.000000,5,0.140979
90.000000,4,0.225282
60.000000,2,0.173352
172.153846,13,16.411637
79.000000,2,0.103645
70.600000,10,0.775571
209.500000,6,1.523712
68.000000,2,0.067152
160.250000,4,0.566610
83.000000,6,0.384363
82.583333,12,2.183544
89.250000,4,0.239240
95.750000,4,0.232056
128.000000,2,0.173368
152.500000,6,1.232021
148.062500,16,3.704323
103.611111,18,5.444903
104.000000,3,0.179536
120.500000,2,0.169411
90.500000,2,0.115623
61.500000,2,0.078011
79.750000,12,1.038468
106.400000,5,0.525256
287.700000,20,185.072624
57.000000,2,0.035096
29.000000,5,0.062294
82.000000,2,0.049679
151.000000,6,0.882315
55.500000,2,0.071031
130.000000,3,0.270826
86.000000,3,0.154411
60.000000,2,0.067246
88.714286,7,0.595415
56.000000,2,0.110533
60.000000,4,0.194666
251.000000,3,1.031736
151.428571,7,1.114499
67.833333,12,1.090003
100.428571,7,0.820091
75.000000,2,0.208361
100.500000,10,0.994276
76.666667,6,0.441484
121.500000,2,0.147180
88.000000,2,0.123157
86.400000,5,0.348821
52.000000,18,1.531427
79.600000,5,0.310578
135.444444,9,1.941763
132.066667,15,3.232458
70.000000,3,0.121259
125.600000,5,0.508770
128.000000,8,1.233211
113.076923,13,5.901224
97.000000,2,0.122874
99.416667,12,1.624042
58.300000,10,0.557999
84.333333,6,0.355765
99.571429,7,0.552824
46.875000,8,0.320511
186.500000,2,0.329062
97.750000,4,0.368088
37.000000,2,0.083063
72.000000,4,0.209019
66.000000,2,0.097337
113.800000,5,3.604589
300.500000,4,1.995403
191.000000,3,0.550628
84.600000,5,0.264017
194.000000,3,0.618109
109.333333,6,0.483288
109.000000,8,0.944146
112.833333,12,1.523380
110.500000,6,0.657965
57.000000,7,0.313634
71.000000,2,0.097870
106.500000,4,0.460634
94.850000,20,3.154541
85.000000,5,0.304165
107.500000,10,1.047375
94.200000,5,0.332654
73.800000,5,0.253633
146.500000,8,1.780793
78.500000,2,0.105719
83.909091,11,1.140883
72.714286,7,0.454782
77.000000,3,0.145621
79.142857,7,0.591887
193.300000,10,5.722558
79.300000,10,0.773846
232.000000,2,0.585825
74.200000,5,0.254956
37.000000,2,0.058172
333.000000,3,1.944415
98.000000,2,0.121972
85.000000,4,0.208529
56.000000,2,0.093303
91.333333,6,0.487950
76.857143,7,0.496880
53.200000,5,0.210060
104.000000,2,0.146646
104.500000,4,0.454058
65.400000,5,0.272720
67.000000,2,0.104500
311.100000,10,130.970424
87.500000,2,0.059892
96.000000,5,0.313418
131.500000,8,1.963378
89.800000,5,0.316409
103.000000,2,0.184218
82.600000,5,0.352599
87.000000,4,0.350899
164.400000,5,1.405558
88.529412,17,2.222021
96.400000,5,0.304708
52.000000,4,0.168037
136.857143,7,1.062817
45.600000,10,0.391191
162.700000,10,2.520212
36.750000,4,0.124680
52.500000,2,0.079072
118.200000,10,1.432809
135.642857,14,3.137596
77.000000,4,0.184748
115.800000,20,3.845083
309.500000,4,2.049511
73.750000,4,0.208740
66.000000,2,0.094871
108.692308,13,1.732411
57.000000,2,0.091235
74.600000,5,0.317662
91.454545,11,1.988778
84.000000,2,0.106488
45.000000,7,0.339806
83.000000,9,0.825527
228.000000,3,0.716894
56.200000,5,0.308737
79.500000,2,0.099536
117.000000,2,0.161160
183.125000,8,2.374059
164.600000,5,0.749748
58.250000,12,0.880848
97.200000,5,0.336471
75.000000,2,0.182752
57.000000,5,0.158402
108.866667,15,2.522789
195.000000,5,1.153603
66.857143,7,0.359994
54.000000,4,0.133384
61.600000,5,0.343518
88.666667,3,0.144735
21.000000,4,0.103366
73.000000,2,0.098135
57.333333,3,0.128414
255.000000,4,1.290814
90.083333,12,1.347505
88.555556,9,0.819028
123.500000,2,0.158195
120.000000,2,0.152453
61.000000,2,0.070060
118.000000,5,0.587390
277.764706,17,90.038182
65.500000,2,0.045627
279.500000,4,1.295933
81.615385,13,0.818000
94.000000,16,1.421474
111.000000,5,0.327869
71.666667,3,0.081091
112.750000,4,0.219340
111.000000,3,0.138837
238.333333,9,3.178177
40.000000,2,0.062584
195.000000,5,1.060679
74.000000,4,0.154657
100.285714,7,0.576614
38.000000,2,0.174350
73.500000,4,0.209988
130.800000,5,0.466586
76.000000,2,0.099494
78.000000,2,0.092342
96.764706,17,3.125526
92.222222,18,2.981055
70.888889,9,0.623833
98.333333,3,0.221206
425.666667,3,3.083349
92.666667,3,0.151002
244.000000,3,0.900715
78.846154,13,1.306018
303.285714,7,4.365636
173.000000,2,0.302615
86.000000,3,0.153692
309.800000,5,2.907417
74.500000,2,0.104796
137.000000,5,0.655583
63.166667,6,0.283049
95.400000,5,0.359946
145.400000,10,1.951482
368.333333,15,37.063938
93.500000,4,0.305651
140.000000,5,0.484971
81.111111,9,0.623701
68.000000,5,0.194535
87.666667,6,0.355891
304.000000,3,1.227135
89.000000,2,0.076948
62.000000,4,0.111999
67.846154,13,0.934393
80.333333,3,0.111116
198.000000,2,0.310056
181.000000,2,0.356606
97.000000,5,0.313102
86.857143,7,0.502229
79.615385,13,1.141397
67.000000,10,0.691867
96.000000,4,0.215837
169.000000,2,0.262222
141.000000,4,0.628706
60.000000,2,0.087715
139.000000,8,1.146445
78.000000,3,0.111565
80.000000,2,0.083242
141.333333,6,0.745432
53.363636,11,0.644702
311.666667,3,1.861572
109.500000,6,0.585575
68.000000,2,0.114627
143.000000,3,0.278821
64.800000,5,0.241616
136.000000,2,0.189597
49.000000,10,0.595630
95.000000,2,0.127436
106.181818,11,1.368361
58.000000,4,0.192494
168.800000,10,11.672205
92.000000,4,0.207413
158.857143,14,3.450689
190.750000,4,0.843270
86.714286,7,0.432762
97.000000,3,0.303897
165.000000,3,0.438560
87.666667,18,2.526248
74.000000,2,0.098387
72.666667,6,0.291527
151.666667,3,0.424447
99.333333,3,0.246178
199.666667,6,2.018035
84.333333,3,0.160751
132.500000,4,0.380376
71.692308,13,1.151382
56.000000,2,0.065901
76.050000,20,3.217391
79.000000,2,0.098090
63.000000,2,0.074016
97.666667,3,0.282377
348.200000,5,3.665901
80.333333,3,0.136521
57.000000,10,0.559873
78.600000,5,0.412031
59.000000,3,0.104755
147.666667,3,0.337777
112.000000,3,0.223804
69.700000,20,2.667908
161.833333,6,1.021678
91.000000,5,0.356153
82.687500,16,1.680332
159.000000,2,0.210589
122.500000,2,0.201100
85.000000,2,0.103601
56.000000,3,0.093187
110.300000,10,1.651155
131.272727,11,1.619750
117.000000,8,1.025113
39.000000,2,0.080691
81.187500,16,1.955889
66.250000,4,0.192103
98.500000,8,0.766605
151.250000,4,0.540246
67.000000,2,0.077364
91.900000,10,0.959415
175.500000,2,0.263144
132.333333,9,1.188956
83.000000,3,0.118915
59.000000,2,0.061510
83.875000,8,0.557420
139.333333,3,0.298190
97.000000,2,0.116832
81.833333,6,0.344258
78.666667,3,0.324170
80.600000,5,0.376244
146.000000,3,0.854345
205.250000,4,0.883651
90.250000,4,0.209322
175.000000,5,0.845232
77.500000,6,0.279339
128.111111,9,1.499938
64.500000,2,0.228902
65.000000,8,0.453770
76.333333,3,0.131410
86.625000,8,1.021022
62.000000,2,0.066297
87.000000,2,0.091099
61.000000,2,0.081346
112.500000,2,0.186190
122.000000,2,0.177138
88.923077,13,1.255387
148.631579,19,6.851954
97.333333,6,0.396473
166.857143,7,1.998783
85.000000,2,0.112392
125.500000,2,0.173690
106.000000,4,0.306067
111.500000,4,0.437555
118.250000,4,0.431553
193.222222,18,11.034875
173.600000,5,0.824735
81.800000,5,0.361531
70.571429,14,1.171816
160.000000,3,0.400065
93.000000,4,0.229398
40.000000,3,0.073245
121.666667,6,0.630052
126.500000,4,0.563452
61.000000,2,0.078493
88.600000,5,0.274681
141.230769,13,4.292507
65.000000,4,0.175020
58.500000,2,0.078175
98.083333,12,1.255431
92.388889,18,2.910877
128.000000,9,1.445945
80.000000,3,0.139955
106.153846,13,1.701580
104.833333,6,0.661537
82.100000,10,0.868249
93.000000,2,0.291502
73.000000,6,0.374879
73.000000,2,0.097142
147.000000,3,0.366255
150.000000,3,0.430710
100.000000,2,0.104654
76.055556,18,2.154327
73.333333,3,0.149218
76.428571,7,0.401193
98.416667,12,1.554682
108.750000,4,0.322114
94.272727,11,1.289002
312.375000,8,5.629115
89.600000,15,1.870480
98.666667,3,0.198946
71.000000,2,0.080922
105.133333,15,4.143413
56.666667,3,0.103902
489.000000,4,6.159708
75.000000,3,0.153708
83.857143,7,0.511056
92.052632,19,2.754328
281.333333,3,1.465953
92.000000,2,0.118929
57.285714,7,0.325556
72.000000,3,0.171980
210.200000,5,1.142744
89.000000,2,0.103122
88.400000,5,0.331400
214.500000,2,0.496486
111.600000,5,0.463446
54.000000,4,0.127869
73.000000,2,0.102808
146.000000,13,2.753164
91.000000,3,0.167480
255.333333,3,1.127531
93.666667,3,0.193748
44.500000,8,0.400587
95.000000,2,0.153004
81.750000,4,0.218399
139.625000,8,1.281775
79.000000,13,1.439910
83.500000,4,0.224060
462.000000,3,4.066895
144.000000,2,0.197406
84.600000,5,0.381214
108.166667,6,0.845317
146.833333,6,0.993252
207.111111,9,3.079161
64.600000,5,0.207986
85.666667,3,0.173153
130.600000,5,0.523956
450.125000,8,55.675898
55.000000,4,0.087690
71.818182,11,0.673265
73.230769,13,0.699637
199.090909,11,3.363080
58.000000,2,0.044990
88.400000,15,1.976833
273.200000,5,5.820481
91.000000,2,0.130529
145.250000,4,0.557875
33.000000,4,0.121736
58.000000,4,0.155085
93.333333,3,0.186299
168.750000,4,0.644969
298.666667,9,16.864048
76.500000,2,0.080335
203.200000,5,1.217803
70.500000,4,0.126817
100.000000,2,0.101474
101.555556,9,1.135548
109.285714,14,2.054662
86.750000,4,0.244312
189.800000,5,1.239485
62.000000,2,0.073594
99.800000,15,2.661621
67.500000,4,0.159257
101.000000,2,0.120668
81.000000,3,0.174414
64.000000,3,0.225512
105.000000,3,0.238313
170.176471,17,67.563041
62.666667,6,0.164078
81.000000,2,0.125166
55.000000,4,0.141652
57.000000,2,0.083897
83.250000,4,0.341352
94.000000,2,0.110743
71.000000,2,0.102501
68.000000,3,0.191442
128.450000,20,5.222393
96.000000,4,0.243379
90.666667,3,0.207646
86.722222,18,2.414404
87.625000,8,0.720320
309.000000,2,0.939466
173.000000,3,0.625567
138.875000,16,21.853377
46.333333,3,0.105597
80.000000,2,0.088862
132.666667,3,0.240009
93.000000,2,0.119206
81.000000,3,0.125092
70.000000,2,0.082306
58.000000,11,0.670464
63.500000,4,0.167078
83.800000,5,0.210259
65.714286,7,0.296256
95.153846,13,1.240593
121.750000,4,0.486301
37.000000,2,0.081173
74.333333,3,0.133391
140.000000,3,0.266893
80.000000,2,0.127954
154.833333,6,1.057334
108.500000,4,0.265538
72.000000,2,0.099386
61.000000,2,0.090571
99.666667,18,3.247488
77.000000,3,0.137033
59.000000,2,0.087547
69.562500,16,1.754244
119.000000,4,0.344046
127.000000,2,0.178160
153.312500,16,4.387774
94.857143,7,0.567684
82.666667,6,0.484315
368.937500,16,103.696841
101.000000,5,0.205675
91.000000,2,0.058968
65.500000,2,0.041484
150.000000,3,0.216677
73.800000,5,0.155647
74.000000,2,0.056985
92.727273,11,0.702188
170.750000,4,0.763327
96.000000,2,0.125984
70.461538,13,1.148320
94.500000,8,0.728246
38.000000,2,0.073861
88.000000,2,0.117684
157.777778,18,5.559900
56.000000,2,0.067593
80.000000,3,0.130491
68.000000,2,0.083033
78.333333,6,0.311037
68.000000,2,0.192935
71.500000,4,0.169519
338.375000,8,6.501511
146.818182,11,5.104828
67.066667,15,1.204870
98.000000,2,0.115759
90.000000,3,0.152841
