74.200000,20,13.992498
77.650000,20,14.952455
76.750000,20,16.784446
75.800000,20,13.926478
117.850000,20,51.947769
122.900000,20,26.205606
121.900000,20,27.455789
121.350000,20,33.784399
116.700000,20,43.197472
377.333333,3,19.745452
77.250000,20,15.949881
76.750000,20,15.230810
75.200000,20,16.041740
76.150000,20,14.294132
121.450000,20,29.897094
116.400000,20,53.297798
75.700000,20,13.307539
75.350000,20,14.883948
76.900000,20,15.896030
75.800000,20,14.550142
116.550000,20,44.468246
116.200000,20,47.279068
116.800000,20,42.234610
118.300000,20,42.734066
76.300000,20,14.673889
116.850000,20,40.232204
116.700000,20,53.659391
123.000000,20,25.337605
117.650000,20,38.498331
116.550000,20,44.184168
74.800000,20,14.232464
116.450000,20,45.355449
75.050000,20,13.331143
115.500000,20,40.462256
116.450000,20,43.299351
75.100000,20,16.219456
121.900000,20,29.056244
117.050000,20,36.433767
117.550000,20,42.800544
75.300000,20,16.299924
116.250000,20,47.075721
75.550000,20,16.433925
116.150000,20,40.477811
121.950000,20,31.580824
116.100000,20,44.738328
115.500000,20,47.846480
76.750000,20,16.257256
76.400000,20,14.832928
75.900000,20,15.167092
74.850000,20,13.220243
117.250000,20,39.443336
116.600000,20,41.237256
75.850000,20,14.615375
116.050000,20,43.995212
79.650000,20,14.957646
116.400000,20,46.841078
76.700000,20,14.117198
123.050000,20,28.213517
76.150000,20,13.469780
121.850000,20,28.106992
76.000000,20,15.086363
116.800000,20,48.224451
115.750000,20,48.764703
75.300000,20,14.760496
116.900000,20,43.845418
77.550000,20,14.193624
75.850000,20,13.731727
115.850000,20,39.278480
76.600000,20,13.777465
77.700000,20,15.550432
116.850000,20,52.615972
76.000000,20,13.530203
116.800000,20,47.643529
117.000000,20,47.113061
115.800000,20,44.444911
79.400000,20,14.873025
115.900000,20,42.725330
76.100000,20,14.199624
77.250000,20,13.624636
76.700000,20,17.702989
75.300000,20,14.602997
76.450000,20,13.547612
78.650000,20,14.585206
76.900000,20,15.459834
116.650000,20,46.424963
77.100000,20,16.054927
75.400000,20,14.830095
123.350000,20,28.189242
115.700000,20,41.393387
74.700000,20,15.920134
74.800000,20,15.672841
121.600000,20,37.483482
74.400000,20,14.876668
76.900000,20,14.977770
121.050000,20,29.580833
76.150000,20,13.367688
74.950000,20,13.977904
117.150000,20,47.996268
121.700000,20,30.871999
78.600000,20,14.628436
121.500000,20,29.072792
76.350000,20,13.866830
75.250000,20,12.335777
121.600000,20,29.763623
77.250000,20,14.914464
76.900000,20,15.815279
76.900000,20,15.903513
75.400000,20,14.049091
116.100000,20,45.421803
115.950000,20,43.968393
117.400000,20,38.211925
77.750000,20,15.288725
76.350000,20,14.271233
121.750000,20,31.118346
78.900000,20,15.391725
75.100000,20,13.819362
74.850000,20,13.698215
75.950000,20,16.604191
117.250000,20,47.120722
117.450000,20,39.963820
117.850000,20,43.508717
76.250000,20,14.854225
75.450000,20,14.770994
77.450000,20,15.775719
78.050000,20,14.711594
76.050000,20,13.403445
75.000000,20,13.495422
116.900000,20,43.280179
117.200000,20,51.482410
123.300000,20,29.708322
77.500000,20,15.153040
74.000000,5,1.262134
123.000000,20,26.203935
116.350000,20,40.701470
116.650000,20,42.310800
117.450000,20,45.820163
121.550000,20,26.394130
77.000000,20,15.660768
121.500000,20,33.433285
121.650000,20,30.035480
76.750000,20,14.367578
116.050000,20,42.386459
75.100000,20,14.416689
78.550000,20,13.726704
74.800000,20,13.264340
117.450000,20,50.067415
117.200000,20,43.824225
119.700000,20,44.866544
116.700000,20,40.669657
75.000000,20,14.717660
76.700000,20,14.994409
77.250000,20,14.910711
122.900000,20,34.790662
120.950000,20,28.075364
123.650000,20,29.569629
76.500000,20,13.249971
116.750000,20,47.527882
75.100000,20,14.157805
116.500000,20,45.316364
77.400000,20,15.562861
76.000000,20,13.665504
75.300000,20,13.059837
75.300000,20,15.135146
116.350000,20,56.408721
76.650000,20,16.397810
75.400000,20,15.011369
78.350000,20,15.141583
77.050000,20,13.070136
76.400000,20,16.425383
77.550000,20,14.736525
76.350000,20,15.126004
77.150000,20,15.028909
76.500000,20,15.026077
76.550000,20,14.763540
116.900000,20,37.648201
121.500000,20,26.499489
75.700000,20,14.658422
122.900000,20,27.659386
76.150000,20,15.642903
74.400000,20,14.445500
117.150000,20,48.956186
75.050000,20,14.560356
115.750000,20,37.600237
75.150000,20,13.490017
75.700000,20,14.224738
75.000000,20,14.454996
122.200000,20,28.263061
76.550000,20,13.246304
117.400000,20,42.154861
122.700000,20,30.858933
77.750000,20,14.819146
73.550000,20,13.841275
116.500000,20,44.870544
116.900000,20,49.565088
74.500000,20,15.104528
76.100000,20,14.121430
74.100000,20,13.988638
77.850000,20,13.916486
76.300000,20,13.337153
76.500000,20,14.530138
76.050000,20,13.380955
116.750000,20,42.505560
116.950000,20,41.007498
75.550000,20,15.500829
75.300000,20,13.893906
75.850000,20,16.364420
74.800000,20,12.228789
73.900000,20,15.899595
76.300000,20,14.696676
78.700000,20,16.621431
121.950000,20,28.445935
121.750000,20,33.069221
121.400000,20,30.502915
116.300000,20,57.005362
123.300000,20,31.502909
75.750000,20,14.897610
117.100000,20,50.692643
77.250000,20,13.167732
116.050000,20,46.599160
115.400000,20,47.826133
76.300000,20,14.863975
75.100000,20,15.138925
116.250000,20,42.202855
122.300000,20,27.260113
116.950000,20,41.543121
75.750000,20,14.344180
77.050000,20,13.709328
76.750000,20,15.559911
75.750000,20,13.891755
74.700000,20,15.063113
116.700000,20,38.640047
121.350000,20,27.999591
79.500000,20,15.572778
115.700000,20,52.226206
114.850000,20,47.710543
121.550000,20,27.243302
74.450000,20,15.487926
116.650000,20,43.863705
121.400000,20,27.692917
77.000000,20,16.324778
123.500000,20,29.417438
121.500000,20,26.881658
78.850000,20,15.951745
78.650000,20,14.548461
117.500000,20,44.155716
75.500000,20,14.053720
75.800000,20,12.785221
75.700000,20,15.150416
75.750000,20,14.828915
116.450000,20,42.327697
121.950000,20,28.452879
117.100000,20,40.980166
75.250000,20,13.646355
76.450000,20,15.385083
77.400000,20,13.273612
75.700000,20,15.633524
116.900000,20,44.388241
76.600000,20,16.803146
122.150000,20,33.466300
76.750000,20,14.002362
121.650000,20,29.820771
122.050000,20,26.383126
117.100000,20,45.504303
76.300000,20,14.842940
116.500000,20,47.416553
76.250000,20,14.747639
117.400000,20,52.906108
76.600000,20,12.714925
116.800000,20,49.843657
117.050000,20,45.227685
75.850000,20,16.389312
75.550000,20,15.649785
116.400000,20,43.701069
77.400000,20,18.328205
117.550000,20,45.075211
75.350000,20,15.568895
78.850000,20,17.220253
76.450000,20,14.960175
77.950000,20,15.891403
116.750000,20,44.679662
115.800000,20,48.751068
117.300000,20,44.774464
116.600000,20,50.801991
77.000000,20,14.522171
75.950000,20,14.068788
117.350000,20,44.548368
116.450000,20,42.486619
121.350000,20,26.404604
117.200000,20,40.838479
76.500000,20,16.396019
74.750000,20,16.131328
75.600000,20,15.868865
117.150000,20,45.050213
115.650000,20,41.232190
121.900000,20,33.736047
75.100000,20,13.654205
76.550000,20,13.365833
121.600000,20,30.151946
116.050000,20,39.595747
123.400000,20,31.689216
75.950000,20,14.330096
75.500000,20,14.577434
116.850000,20,44.993691
73.850000,20,13.880973
122.200000,20,30.868257
121.750000,20,30.659222
117.350000,20,42.378849
75.550000,20,15.297245
74.950000,20,16.678476
121.600000,20,31.204818
75.200000,20,13.734609
76.200000,20,14.431102
116.450000,20,44.421121
76.600000,20,13.606706
116.100000,20,37.074884
74.150000,20,14.058491
117.000000,20,47.640160
116.800000,20,44.907188
119.650000,20,36.488529
75.300000,20,15.367603
121.600000,20,30.149917
73.950000,20,14.525839
116.400000,20,45.519544
77.750000,20,15.779510
75.700000,20,14.246706
75.150000,20,14.082545
76.900000,20,15.245219
114.950000,20,39.102988
75.650000,20,13.538056
75.950000,20,14.279073
118.050000,20,41.554463
74.800000,20,15.164628
75.850000,20,13.587398
116.550000,20,50.411310
76.000000,20,14.220704
117.150000,20,46.789282
76.600000,20,14.442334
75.000000,20,15.070489
74.400000,20,13.595660
117.050000,20,47.527285
116.150000,20,46.010445
77.100000,20,14.439668
76.650000,20,16.346794
116.900000,20,45.827162
116.000000,20,44.161804
117.650000,20,37.860916
115.000000,20,49.160811
75.750000,20,14.951145
79.000000,20,18.367788
121.750000,20,29.519771
73.900000,20,12.948421
122.000000,20,31.930433
117.350000,20,43.651424
116.700000,20,57.263494
115.800000,20,48.320661
116.600000,20,45.776416
123.300000,20,30.420662
75.700000,20,15.243278
117.000000,20,40.834557
120.900000,20,27.882320
116.550000,20,44.844922
121.800000,20,33.032416
122.200000,20,29.444727
77.650000,20,16.340665
77.300000,20,14.796082
75.800000,20,14.451875
116.600000,20,42.792525
78.100000,20,14.083208
115.600000,20,49.322944
76.050000,20,14.959857
77.050000,20,15.395364
116.450000,20,48.522510
77.800000,20,16.904614
78.750000,20,16.319719
75.500000,20,13.931715
77.500000,20,15.430212
121.700000,20,31.288794
78.450000,20,17.770263
116.700000,20,51.493646
115.850000,20,49.714660
74.450000,20,15.816904
75.800000,20,16.036479
116.250000,20,39.260164
123.250000,20,28.786848
115.750000,20,41.884736
121.800000,20,30.141118
116.700000,20,50.649291
75.600000,20,16.583462
75.950000,20,14.692307
76.750000,20,15.693401
76.500000,20,14.116472
76.250000,20,15.041250
117.350000,20,44.464311
119.600000,20,47.458183
77.300000,20,13.821549
117.000000,20,46.790258
76.350000,20,16.210925
121.450000,20,28.135121
75.700000,20,15.370395
76.150000,20,13.943619
74.700000,20,13.363450
75.200000,20,14.015019
117.050000,20,41.074763
116.800000,20,38.631398
116.350000,20,39.948530
116.800000,20,42.535806
77.500000,20,16.802841
123.000000,20,29.382410
116.550000,20,45.542217
74.750000,20,14.367547
117.750000,20,44.355930
76.500000,20,16.709069
121.750000,20,30.335882
116.200000,20,48.727360
117.850000,20,42.350864
74.600000,20,15.996331
76.700000,20,14.226511
115.850000,20,44.052937
121.750000,20,31.499016
75.000000,20,14.304233
116.850000,20,52.143703
118.800000,10,13.854594
117.150000,20,40.696619
75.950000,20,15.223384
76.300000,20,15.735147
116.700000,20,45.455580
116.000000,20,42.294824
116.650000,20,59.144326
116.650000,20,44.795132
77.050000,20,13.976351
76.900000,20,14.397949
75.500000,20,14.442867
123.200000,20,32.057017
76.700000,20,14.897118
116.850000,20,45.243206
117.100000,20,41.890580
117.150000,20,40.251563
78.400000,20,16.318706
77.950000,20,15.295579
116.050000,20,45.625538
118.500000,20,42.564698
76.200000,20,16.592941
116.400000,20,53.082030
121.450000,20,25.192173
116.900000,20,41.440946
77.200000,20,15.106803
78.000000,20,14.591898
75.700000,20,15.316084
121.550000,20,30.338069
74.350000,20,13.214785
116.800000,20,49.455522
75.850000,20,14.591026
77.800000,20,13.805089
75.600000,20,14.525224
75.900000,20,14.376496
75.100000,20,13.489488
117.550000,20,56.272349
116.700000,20,53.547911
123.166667,18,24.213983
121.850000,20,33.918377
76.050000,20,15.122211
75.900000,20,15.170490
75.650000,20,15.803472
116.200000,20,43.391169
121.900000,20,30.231697
115.800000,20,46.386937
117.150000,20,47.929091
117.250000,20,46.619852
77.000000,20,16.684579
73.700000,20,14.386681
116.650000,20,48.915949
122.850000,20,27.551861
116.500000,20,45.933051
76.750000,20,14.082103
77.450000,20,17.432281
76.600000,20,15.138141
77.850000,20,15.244991
115.950000,20,50.345160
122.100000,20,30.942857
116.100000,20,46.451665
122.050000,20,30.854472
76.650000,20,15.093511
123.000000,20,27.151204
78.250000,20,14.899632
76.550000,20,16.959657
75.250000,20,16.090188
116.550000,20,43.902046
77.450000,20,14.571429
116.000000,20,46.106367
116.800000,20,43.188423
117.050000,20,47.777129
74.700000,20,12.848063
77.550000,20,14.522932
116.400000,20,48.147972
121.550000,20,29.750781
117.100000,20,45.616724
74.800000,20,15.711280
115.650000,20,43.991540
116.350000,20,48.413626
116.400000,20,39.775172
116.750000,20,49.035015
121.500000,20,32.901994
76.650000,20,15.677988
77.800000,20,16.775447
75.800000,20,16.005743
75.450000,20,13.803022
116.500000,20,50.953784
76.250000,20,15.741160
77.250000,20,14.017527
76.450000,20,16.555836
75.500000,20,15.441820
116.850000,20,53.139590
116.900000,20,52.263031
74.400000,20,13.303876
74.750000,20,14.179194
76.700000,20,15.725002
77.950000,20,13.382704
79.050000,20,15.245178
123.300000,20,29.915747
116.550000,20,44.246608
76.300000,20,14.407733
76.150000,20,14.624879
74.600000,20,14.464611
116.150000,20,41.653918
116.750000,20,48.947244
123.050000,20,29.439869
122.050000,20,32.703748
116.950000,20,46.151642
76.800000,20,14.802419
117.100000,20,37.513801
75.650000,20,17.583609
115.900000,20,47.548350
77.700000,20,14.626840
75.550000,20,14.596170
121.200000,20,30.691112
115.950000,20,46.291441
74.700000,20,13.722792
116.050000,20,38.087983
116.100000,20,45.707824
121.850000,20,30.187520
116.750000,20,44.272587
117.450000,20,45.847538
116.600000,20,46.459877
116.800000,20,46.710706
123.000000,20,26.443856
77.050000,20,14.448692
75.700000,20,13.204273
75.900000,20,14.968375
117.100000,20,39.200864
75.750000,20,14.238147
122.000000,20,32.096805
121.900000,20,27.771768
116.150000,20,42.896412
74.600000,20,12.516635
117.550000,20,38.986599
121.600000,20,27.346609
75.800000,20,14.885222
76.250000,20,15.541882
116.350000,20,47.818069
116.750000,20,53.146067
121.900000,20,36.002509
76.250000,20,15.641631
74.900000,20,15.954307
117.200000,20,42.444009
117.850000,20,44.080689
116.350000,20,38.701223
76.100000,20,14.312144
78.750000,20,16.582160
73.650000,20,14.330055
75.550000,20,14.815480
121.150000,20,25.678852
117.550000,20,41.012130
116.750000,20,40.722219
77.150000,20,16.011883
75.900000,20,15.456373
123.600000,20,35.883365
75.900000,20,13.985864
75.800000,20,13.765091
76.600000,20,15.417536
116.550000,20,42.257068
117.300000,20,48.048046
117.100000,20,48.879842
117.400000,20,44.358772
78.550000,20,16.780566
123.050000,20,27.223254
74.350000,20,15.137276
122.000000,20,31.583979
116.600000,20,45.602627
121.900000,20,31.165766
116.550000,20,43.082905
78.300000,20,16.880188
115.600000,20,44.023714
121.500000,20,29.507971
116.950000,20,43.030636
75.400000,20,15.006332
77.600000,20,17.420264
123.000000,20,25.571131
116.650000,20,38.553581
77.600000,20,15.592980
121.800000,20,31.916528
123.400000,20,30.541334
77.950000,20,16.280025
122.100000,20,33.412467
115.550000,20,43.151513
118.600000,20,42.512689
117.100000,20,41.582551
75.050000,20,13.848721
121.050000,20,27.933813
117.300000,20,51.309183
77.850000,20,15.857239
75.450000,20,14.456179
116.150000,20,44.302592
77.800000,20,15.618155
75.700000,20,13.891443
77.050000,20,16.660009
123.000000,20,27.280112
116.050000,20,38.730934
77.550000,20,14.380161
77.100000,20,16.199718
74.550000,20,15.442055
116.850000,20,42.278479
116.800000,20,41.219944
77.600000,20,15.464986
77.000000,20,14.017016
78.300000,20,15.348206
115.400000,20,47.412491
117.700000,20,38.399808
116.850000,20,46.540682
77.400000,20,16.476817
116.800000,20,44.026315
117.300000,20,48.520252
120.500000,20,31.845328
77.000000,20,14.485890
76.000000,20,16.507155
116.650000,20,34.555826
117.000000,20,39.328611
75.200000,20,14.022738
77.750000,20,15.368253
123.400000,20,29.593892
75.550000,20,14.195684
77.500000,20,14.962598
76.850000,20,15.308738
116.550000,20,54.007862
75.350000,20,14.798185
116.650000,20,39.430435
77.300000,20,14.313453
116.350000,20,53.842971
77.700000,20,15.550913
116.400000,20,38.354768
117.700000,20,45.072412
80.000000,20,15.589766
76.300000,20,13.502944
76.250000,20,15.038904
116.350000,20,41.605487
76.800000,20,13.909949
75.250000,20,13.375637
76.550000,20,13.019768
121.500000,20,29.953332
76.800000,20,14.697447
123.000000,20,25.766180
74.550000,20,15.139109
115.750000,20,46.344320
121.500000,20,36.435296
76.000000,20,14.314346
116.450000,20,45.813004
77.200000,20,14.997816
116.850000,20,40.977495
77.200000,20,13.991446
76.900000,20,15.458214
121.950000,20,27.995348
116.050000,20,45.558384
77.600000,20,14.117311
116.700000,20,37.742991
75.550000,20,14.180922
116.300000,20,42.866079
116.400000,20,45.193210
121.450000,20,26.933658
77.100000,20,16.350400
116.700000,20,44.910825
117.250000,20,47.137339
76.350000,20,14.840252
119.650000,20,44.514768
73.950000,20,13.922598
117.200000,20,42.021373
75.100000,20,12.428019
122.050000,20,36.547066
77.250000,20,16.338159
115.700000,20,49.122802
76.100000,20,16.123704
123.000000,20,28.724033
76.600000,20,13.746788
76.800000,20,15.708400
121.550000,20,34.777361
116.100000,20,43.099353
116.850000,20,47.308681
77.150000,20,15.027727
116.900000,20,43.163343
115.700000,20,40.422263
121.500000,20,29.723595
123.050000,20,29.190010
76.400000,20,16.319435
117.200000,20,40.068437
117.000000,20,46.952743
122.100000,20,25.623554
116.200000,20,46.480689
116.250000,20,37.813001
116.550000,20,39.832754
75.600000,20,14.113942
123.200000,20,36.482889
75.800000,20,12.414915
117.700000,20,56.612969
76.550000,20,13.692701
115.700000,20,52.018579
116.550000,20,41.445184
121.150000,20,27.674369
76.650000,20,14.129167
118.000000,20,43.436794
78.750000,20,15.963143
75.500000,20,13.629874
76.100000,20,16.411051
114.900000,20,44.029678
76.500000,20,13.062749
75.300000,20,15.319618
117.000000,20,46.019444
121.800000,20,33.036455
122.050000,20,34.403756
74.900000,20,14.821660
123.000000,20,25.998811
116.500000,20,49.426424
117.050000,20,47.445381
116.650000,20,45.343135
76.650000,20,17.054044
76.750000,20,15.548697
75.550000,20,14.465544
76.250000,20,14.729504
122.000000,20,25.948410
115.750000,20,53.708311
115.150000,20,48.244837
116.750000,20,49.662920
75.300000,20,13.426222
121.950000,20,33.022388
76.750000,20,13.761410
116.450000,20,39.367808
115.550000,20,31.369279
117.500000,20,44.283617
116.800000,20,47.508216
116.050000,20,45.556704
117.650000,20,39.275096
76.000000,20,13.120727
76.250000,20,14.174691
76.900000,20,13.251877
76.100000,20,10.693961
79.000000,20,15.072736
76.450000,20,16.357828
76.150000,20,15.220685
75.000000,20,14.861164
121.700000,20,29.744735
116.600000,20,46.552962
77.850000,20,16.437589
115.400000,20,46.762470
117.350000,20,44.335267
76.200000,20,13.523413
115.600000,20,46.865066
76.100000,20,15.606635
75.850000,20,12.771524
75.600000,20,14.393277
123.100000,20,26.782297
78.550000,20,13.172661
116.600000,20,43.458426
76.750000,20,12.961056
77.800000,20,14.975910
75.500000,20,15.228182
77.450000,20,14.925782
76.550000,20,13.000439
117.150000,20,47.124246
77.150000,20,13.110531
77.500000,20,14.630051
76.800000,20,16.269444
76.150000,20,15.330853
122.950000,20,26.766348
74.650000,20,14.102614
75.300000,20,14.779657
74.600000,20,14.439883
76.200000,20,14.781263
76.100000,20,14.517606
117.350000,20,45.120537
77.250000,20,16.212259
76.400000,20,13.375569
76.450000,20,16.133009
116.700000,20,35.203446
116.050000,20,36.466931
77.250000,20,11.599888
117.200000,20,49.872583
77.950000,20,16.123090
75.200000,20,12.202089
116.800000,20,47.249456
78.000000,20,12.920795
115.950000,20,39.214700
117.454545,11,11.694617
115.600000,20,33.513681
75.050000,20,14.824204
121.950000,20,34.384258
115.800000,20,41.069767
116.650000,20,40.264615
76.200000,20,12.238413
115.700000,20,34.958872
116.350000,20,35.067548
122.650000,20,19.303489
121.600000,20,32.702820
117.450000,20,41.255456
121.050000,20,31.927286
76.750000,20,13.163723
121.350000,20,26.736592
78.600000,20,12.324268
116.750000,20,31.203789
120.750000,20,19.928415
116.500000,20,41.975823
116.400000,20,46.269018
75.900000,20,13.343166
78.050000,20,13.528648
75.200000,20,13.106204
117.900000,20,35.135799
76.400000,20,11.268081
116.650000,20,30.940125
120.750000,20,32.563704
74.850000,20,13.605972
75.000000,20,14.858632
76.100000,20,14.292671
76.500000,20,14.686774
116.350000,20,37.948525
77.450000,20,13.024280
77.550000,20,12.522613
74.950000,20,14.218175
75.450000,20,15.692132
122.000000,20,28.919487
123.050000,20,29.422388
77.250000,20,12.355461
121.550000,20,26.466814
121.850000,20,21.721986
74.900000,20,13.136264
76.700000,20,15.227677
76.500000,20,15.693556
76.500000,20,16.399616
79.550000,20,14.306883
76.500000,20,13.453468
76.100000,20,13.462699
76.200000,20,13.043843
115.050000,20,46.974984
77.200000,20,13.936740
121.500000,20,32.574526
116.400000,20,36.069081
123.050000,20,24.228585
76.850000,20,10.940007
121.500000,20,19.928803
115.600000,20,38.885693
74.600000,20,10.248139
77.450000,20,15.328853
116.100000,20,47.212657
76.350000,20,12.776586
116.050000,20,39.310140
76.150000,20,12.242586
77.000000,20,11.410399
122.100000,20,21.220368
76.450000,20,10.103091
116.550000,20,51.275743
117.200000,20,44.734148
76.550000,20,12.933943
121.600000,20,24.537182
121.700000,20,24.044311
121.300000,20,20.985270
122.250000,20,20.818509
116.850000,20,24.676093
76.400000,20,13.915844
119.450000,20,53.648610
121.900000,20,29.714011
116.950000,20,35.188477
116.500000,20,31.873601
75.500000,20,10.108269
76.750000,20,9.418226
73.700000,20,9.562956
115.100000,20,46.674388
77.100000,20,15.029100
116.550000,20,36.413443
116.050000,20,33.818702
119.300000,20,36.459338
78.650000,20,9.784828
117.700000,20,27.151527
76.000000,20,9.010086
77.150000,20,16.788754
78.000000,20,17.278953
122.000000,20,25.226723
76.350000,20,13.696407
115.300000,20,32.428629
117.600000,20,32.431177
75.750000,20,10.261571
75.950000,20,10.763619
117.100000,20,41.634928
116.900000,20,40.987911
122.150000,20,21.852461
76.750000,20,12.802339
77.400000,20,11.646413
74.150000,20,10.360228
123.050000,20,21.997113
121.500000,20,23.380583
76.200000,20,15.399537
116.950000,20,35.514134
116.650000,20,36.341550
123.200000,20,21.472972
116.850000,20,37.115981
76.200000,20,9.801010
121.800000,20,20.357236
115.650000,20,25.844576
115.650000,20,46.523721
118.000000,20,38.665620
121.850000,20,22.415733
76.450000,20,9.733911
75.100000,20,10.445791
116.100000,20,31.553898
123.050000,20,20.445190
123.050000,20,17.564586
114.500000,20,43.430469
76.700000,20,11.202327
78.150000,20,11.785814
