93.625000,8,6.271290
77.500000,6,1.306391
81.000000,2,0.404693
115.800000,20,49.966658
58.300000,10,2.314371
51.187500,16,6.028120
74.000000,3,0.916787
145.500000,2,0.580986
306.937500,16,223.179119
46.000000,4,0.467112
78.000000,8,2.570023
100.000000,2,0.392599
151.000000,6,12.036596
82.000000,2,0.348539
72.666667,6,1.449459
82.000000,2,0.352743
74.000000,2,0.341933
56.000000,2,0.290348
110.000000,11,9.120369
36.000000,9,1.206117
133.000000,2,1.058654
86.222222,9,9.936344
56.666667,3,0.858359
36.333333,3,0.411753
80.000000,2,0.538287
59.000000,2,0.294238
84.000000,3,0.548794
84.333333,6,2.012875
70.000000,8,1.831507
74.000000,2,0.333349
82.000000,3,0.612175
83.000000,3,1.232192
98.000000,4,1.160012
69.333333,3,1.138392
83.333333,3,0.621689
79.500000,2,0.344027
53.363636,11,2.505113
317.352941,17,294.415210
150.000000,3,3.950743
35.000000,5,0.864955
58.000000,2,0.364468
102.500000,2,0.413096
95.000000,14,29.195382
60.000000,2,0.299768
90.166667,6,1.785698
86.411765,17,16.390471
72.000000,4,1.552047
68.000000,2,0.340929
67.000000,2,0.292838
106.000000,12,10.763787
68.333333,3,0.588475
83.000000,2,0.380580
79.500000,2,0.379846
88.000000,2,0.420353
85.000000,2,0.477070
96.000000,5,2.884448
74.000000,2,0.347590
90.000000,2,0.368035
117.000000,2,0.465305
70.500000,2,0.336090
75.357143,14,5.934517
100.428571,7,7.539461
64.000000,2,0.331026
82.600000,5,1.335690
106.400000,5,2.802895
89.000000,2,0.367595
89.000000,3,0.726990
82.250000,8,10.356930
185.000000,3,3.267360
87.000000,3,0.616252
66.250000,4,0.990199
86.000000,12,6.472762
98.750000,4,1.024120
43.000000,4,0.588362
183.125000,8,33.489111
94.250000,4,1.042870
61.000000,2,0.324300
173.000000,3,4.954817
40.000000,3,0.399971
73.000000,2,0.339606
137.000000,5,10.488095
174.833333,12,74.645144
77.000000,2,0.334757
93.000000,2,0.424952
103.857143,7,6.989130
91.000000,5,3.373199
112.928571,14,19.114095
84.600000,5,1.056790
73.000000,2,0.341242
77.333333,3,0.590869
73.000000,2,0.376514
56.750000,4,0.557394
84.052632,19,44.071593
65.166667,6,1.974309
95.666667,3,0.726441
80.600000,5,1.218051
72.000000,2,0.339518
91.333333,3,0.594202
154.833333,6,7.761374
76.666667,3,1.281656
75.000000,2,0.498093
81.500000,4,1.067713
172.000000,2,1.688858
68.000000,2,0.448155
75.666667,3,1.127136
79.000000,2,0.379122
175.500000,2,2.224055
139.625000,8,12.306345
81.500000,2,0.357852
117.000000,3,1.673100
173.000000,2,1.612081
27.000000,2,0.280348
29.000000,3,0.374225
121.333333,6,5.231080
139.500000,16,79.408410
40.000000,4,0.543621
72.000000,2,0.377436
96.000000,2,0.389041
86.000000,3,0.723366
72.000000,4,0.710178
71.000000,2,0.390001
84.000000,3,0.671654
64.000000,6,1.152346
94.714286,7,7.385579
77.600000,5,1.096901
75.200000,20,44.265688
141.000000,4,3.404174
316.000000,2,6.029244
80.333333,3,0.692658
168.000000,2,0.727444
63.000000,2,0.444259
75.000000,3,0.941668
75.000000,4,0.728024
114.750000,4,2.269765
70.000000,2,0.313007
181.000000,2,0.736854
83.857143,7,5.562161
84.000000,2,0.363006
148.000000,7,27.050048
74.000000,2,0.340158
168.000000,4,7.607994
83.000000,3,1.163448
99.333333,3,1.842737
194.500000,4,10.610541
80.222222,9,2.769242
106.000000,2,0.444043
79.000000,2,0.328095
86.625000,8,4.239533
132.500000,2,1.301654
53.142857,7,2.541489
120.500000,2,0.485212
81.000000,2,0.370976
141.000000,17,84.743517
52.000000,4,0.657708
94.333333,3,0.697115
68.400000,5,0.921203
108.500000,4,1.374789
63.000000,3,0.517010
117.000000,7,3.807733
195.000000,5,17.755700
81.000000,2,0.353590
79.700000,20,36.365887
54.250000,4,0.874251
142.000000,2,0.694894
37.000000,2,0.291708
61.000000,2,0.295959
87.000000,8,2.775745
76.000000,2,0.367111
82.666667,6,2.503806
101.250000,4,1.665875
110.300000,10,7.001122
130.000000,3,1.490353
147.000000,3,3.265101
61.000000,2,0.302197
75.000000,3,0.479216
70.666667,6,1.055293
88.000000,4,1.616014
108.000000,5,3.400372
58.000000,2,0.330777
114.000000,2,0.528231
74.000000,2,0.317918
36.000000,3,0.454533
61.000000,2,0.303990
71.000000,2,0.342429
76.000000,2,0.372513
97.750000,4,1.032140
86.000000,2,0.362980
164.600000,5,15.065950
22.000000,2,0.279218
94.500000,2,0.393863
238.333333,9,109.366423
130.363636,11,38.725422
145.250000,4,3.750746
160.000000,7,25.724571
49.000000,10,2.977679
106.000000,7,3.521706
81.500000,6,1.638556
85.600000,5,1.238731
134.666667,3,2.092365
109.000000,10,25.633614
86.000000,2,0.521011
104.333333,3,1.300923
99.142857,7,6.581633
100.000000,2,0.462009
425.666667,3,59.017422
144.250000,20,106.154318
62.000000,2,0.339339
92.600000,5,3.085231
86.000000,2,0.345135
96.000000,4,1.602181
138.875000,16,81.926024
102.000000,4,3.250657
304.000000,3,16.546949
120.500000,2,0.766752
79.000000,2,0.321142
77.000000,2,0.349391
100.250000,4,1.197690
123.357143,14,26.890570
89.000000,2,0.413856
255.333333,3,11.172908
61.000000,2,0.338533
61.600000,5,0.807914
158.857143,14,29.354204
123.571429,7,6.996673
71.000000,2,0.385586
87.000000,2,0.339392
132.500000,4,2.577510
98.000000,7,2.252190
118.071429,14,15.594913
97.000000,5,1.654462
78.500000,2,0.352198
164.400000,5,7.299467
78.333333,6,1.559905
76.000000,2,0.358430
85.000000,4,1.112228
94.000000,2,0.395890
77.000000,3,0.873783
85.500000,4,0.992374
57.769231,13,3.704621
351.666667,3,62.888086
72.000000,2,0.301624
57.000000,5,1.207882
62.750000,4,0.900166
135.642857,14,27.895849
73.500000,10,3.649763
61.000000,2,0.344720
95.000000,3,1.390218
69.000000,2,0.458098
83.000000,3,0.646943
68.000000,2,0.315158
97.285714,14,20.113553
152.500000,6,13.357816
82.500000,2,0.346439
43.200000,10,1.800432
76.666667,6,1.463351
88.500000,4,0.990627
101.000000,5,1.603714
57.666667,6,1.047102
94.666667,3,2.241954
84.000000,5,3.164936
124.000000,5,2.160583
198.000000,5,13.494944
92.000000,15,9.870637
78.000000,2,0.326360
61.400000,5,0.900039
130.333333,6,10.449353
83.375000,8,11.208641
128.000000,2,0.843107
122.000000,2,0.450819
149.500000,2,2.005644
70.461538,13,4.587162
96.000000,13,8.798636
79.000000,2,0.559349
74.916667,12,9.533504
70.800000,5,0.991370
93.500000,4,0.939009
148.500000,16,103.334049
78.500000,6,1.650667
66.000000,2,0.327060
88.000000,2,0.372432
114.944444,18,37.296354
68.333333,3,1.191117
80.500000,2,0.346832
90.555556,9,3.996071
172.000000,2,0.962034
102.470588,17,17.612667
118.200000,10,18.324731
69.000000,2,0.357518
102.666667,3,0.706176
228.000000,3,4.789454
160.000000,3,8.075430
130.600000,5,4.296688
56.000000,2,0.289444
84.588235,17,10.676118
57.000000,2,0.395365
67.000000,2,0.297442
51.000000,2,0.300479
74.941176,17,22.942218
56.000000,4,0.617034
396.000000,3,19.861657
80.250000,4,0.831533
90.875000,8,4.655819
93.666667,6,3.848673
115.000000,12,7.031490
88.500000,2,0.442313
55.333333,3,0.811821
46.333333,3,0.569835
84.800000,5,2.640160
36.750000,4,0.595381
368.937500,16,1082.698777
80.400000,10,8.906240
67.846154,13,4.216414
72.000000,3,0.556303
113.000000,2,0.508676
49.000000,2,0.319063
67.000000,2,0.305386
77.333333,3,0.562281
71.250000,4,1.845596
83.500000,4,0.839217
76.000000,2,0.355048
179.500000,2,0.966707
76.000000,2,0.380846
132.444444,9,21.007515
54.000000,4,0.621636
67.500000,2,0.329366
85.250000,20,13.794119
144.000000,3,2.447845
104.000000,2,0.440999
91.222222,18,28.251773
33.000000,4,0.436471
145.500000,8,11.355352
69.250000,4,3.052903
70.000000,2,0.338907
99.500000,4,4.475121
65.500000,2,0.306138
86.000000,3,1.460421
65.000000,19,13.509733
94.000000,8,10.664242
105.133333,15,23.681522
205.000000,5,23.840653
247.066667,15,157.359716
83.000000,2,0.491561
144.000000,5,6.689042
71.000000,2,0.349969
80.000000,3,0.854436
314.750000,4,39.438880
50.000000,2,0.289615
136.000000,2,0.491539
90.500000,2,0.397114
94.857143,7,2.904963
199.666667,6,15.225606
151.428571,7,36.297611
213.000000,2,2.940170
90.666667,3,2.378792
88.000000,2,0.383221
78.000000,2,0.355980
88.166667,6,2.158504
97.000000,3,0.851928
118.666667,3,1.375668
88.500000,2,0.383672
68.000000,4,0.713080
103.615385,13,9.856813
65.000000,5,0.815802
119.000000,4,2.009489
93.687500,16,15.300819
210.000000,3,8.386330
88.500000,2,0.385322
21.000000,4,0.399799
59.000000,2,0.301519
90.666667,3,0.778962
109.500000,2,0.448593
74.000000,2,0.330575
76.000000,2,0.331429
138.538462,13,44.458121
116.375000,8,13.189757
113.800000,5,3.684251
209.000000,3,4.868570
93.000000,2,0.498333
79.666667,6,1.983355
67.000000,2,0.305056
77.000000,3,0.639198
65.000000,2,0.452349
222.000000,9,113.627711
133.714286,7,6.341624
97.000000,2,0.432140
135.444444,9,35.318388
99.666667,3,0.818413
79.750000,12,9.255228
60.000000,2,0.298144
74.000000,2,0.374145
139.222222,9,16.040449
80.000000,2,0.326185
97.000000,3,1.910608
81.750000,4,3.082246
100.000000,2,0.916084
143.000000,3,3.189196
273.333333,3,18.758029
83.666667,3,1.647209
100.333333,3,1.221531
97.750000,4,1.750493
119.000000,2,0.499393
86.666667,3,0.708659
323.666667,6,66.990857
72.636364,11,4.100695
61.500000,2,0.344310
162.700000,10,22.105231
81.000000,3,0.641432
25.000000,3,0.341652
335.727273,11,149.450780
71.000000,2,0.332754
66.666667,3,0.653943
109.333333,6,2.765381
38.000000,2,0.311742
78.666667,6,2.354357
103.000000,2,0.426266
104.833333,6,3.665090
149.333333,3,2.608732
67.500000,4,2.513421
80.500000,2,0.367754
79.941176,17,9.167365
96.400000,5,1.496566
60.857143,14,9.200970
59.000000,3,0.702492
60.250000,8,1.593620
58.000000,3,0.755012
65.000000,3,0.515855
148.631579,19,60.728777
37.000000,2,0.288483
79.300000,10,4.890035
36.000000,5,0.632272
114.428571,7,6.567341
87.000000,4,1.749848
92.000000,2,0.367445
210.200000,5,20.081112
88.714286,7,1.885685
63.000000,2,0.409851
68.800000,5,0.885147
75.000000,2,0.370744
83.600000,15,21.999604
93.000000,2,0.555805
124.692308,13,49.337134
234.562500,16,395.262057
64.000000,2,0.321169
76.000000,2,0.326280
98.000000,2,0.470071
76.055556,18,8.300978
98.666667,3,1.009543
263.588235,17,243.065530
86.000000,2,0.426845
73.800000,5,1.093844
59.500000,4,0.716069
165.000000,3,2.010025
74.400000,10,7.831009
192.000000,4,21.416759
65.300000,10,5.370817
108.166667,6,14.112743
137.000000,2,0.709273
83.500000,4,0.991173
93.333333,3,2.726680
74.600000,5,3.244740
86.000000,2,0.389190
130.500000,2,0.564187
94.850000,20,31.363601
64.750000,4,0.687441
107.500000,2,0.465880
146.333333,3,3.940860
97.000000,3,0.642550
95.000000,2,0.393619
111.000000,2,0.579609
92.052632,19,15.126732
88.923077,13,19.497038
78.000000,2,0.351177
93.666667,3,0.640213
73.333333,3,1.452972
68.000000,2,0.322271
93.500000,2,0.404484
270.666667,9,201.283170
89.000000,2,0.364222
159.250000,4,16.252577
108.750000,4,1.557671
58.250000,12,5.976336
133.500000,6,4.467670
83.250000,4,1.734576
236.684211,19,148.934307
157.777778,18,94.824714
126.000000,2,0.523448
88.307692,13,10.989375
78.500000,4,0.859796
69.700000,20,17.736095
99.062500,16,11.900821
58.500000,2,0.384422
88.000000,2,0.386707
60.000000,2,0.304454
64.800000,5,1.312193
60.000000,2,0.329154
135.333333,3,1.887339
112.000000,2,0.476414
69.916667,12,4.270880
83.000000,2,0.325827
73.800000,5,1.236450
72.500000,6,1.884953
23.000000,6,0.628115
118.000000,5,6.447232
65.000000,2,0.311783
77.000000,3,0.558038
110.666667,3,1.157386
80.000000,3,0.746197
286.529412,17,539.367315
61.866667,15,5.178382
76.500000,2,0.344393
149.200000,5,16.991064
60.000000,4,0.675171
148.062500,16,27.466223
84.000000,2,0.387378
79.000000,2,0.349701
94.850000,20,45.785737
68.000000,2,0.340461
86.000000,2,0.414566
58.500000,2,0.312847
85.363636,11,7.047206
58.000000,4,0.540035
80.333333,3,0.580258
99.000000,2,0.511634
67.300000,10,3.042761
100.285714,7,2.952640
141.230769,13,49.822699
88.250000,16,21.716437
73.200000,10,7.388348
317.750000,4,46.984461
211.400000,10,115.598003
132.000000,2,0.814020
30.000000,19,4.937972
110.000000,3,1.086401
169.000000,2,1.786484
30.000000,5,0.589982
81.000000,2,0.363181
130.500000,4,4.055374
145.400000,10,58.090116
440.333333,3,34.389360
111.000000,5,6.863907
146.818182,11,37.814301
82.583333,12,10.158265
270.800000,15,444.294820
108.500000,2,0.636139
134.000000,5,6.854012
74.500000,2,0.334782
94.857143,7,4.608392
55.214286,14,7.991175
37.000000,2,0.287011
111.933333,15,19.907811
338.375000,8,114.299573
83.000000,2,0.329141
63.500000,4,0.826493
64.000000,2,0.397703
90.250000,4,0.987659
462.000000,3,58.342538
75.000000,2,0.328681
85.266667,15,29.722683
67.000000,2,0.306540
116.444444,9,27.483978
68.000000,3,0.563545
150.000000,3,1.994984
75.583333,12,13.450017
116.400000,10,29.203220
74.000000,2,0.322000
87.666667,9,11.546795
97.000000,2,0.413592
98.600000,5,1.689235
96.000000,4,3.182811
90.083333,12,6.626743
300.500000,4,32.292361
83.000000,6,1.591187
98.857143,7,4.084137
66.666667,6,1.320329
91.000000,8,8.088886
65.666667,3,0.528814
167.571429,7,30.414684
97.500000,2,0.407235
108.500000,2,0.542544
74.000000,2,0.349081
59.000000,2,0.354094
76.846154,13,19.975307
93.500000,4,1.114045
104.200000,5,4.116483
96.000000,2,0.515117
408.100000,20,1963.479336
76.857143,7,5.075372
85.000000,2,0.335929
81.000000,2,0.349897
103.700000,10,19.353569
80.000000,2,0.341926
62.000000,2,0.293441
85.000000,5,1.248650
198.000000,2,2.799163
84.000000,2,0.352491
279.500000,4,44.805836
94.200000,5,3.960793
57.000000,2,0.287724
68.000000,5,0.946968
65.000000,4,0.690209
55.500000,2,0.310260
92.727273,11,6.071161
70.000000,3,0.869806
177.357143,14,53.134495
109.000000,8,4.307572
149.666667,3,3.575925
112.500000,2,0.541466
65.500000,2,0.320961
55.000000,4,0.626239
86.000000,4,1.428254
277.764706,17,676.816895
67.846154,13,4.784155
62.000000,2,0.311239
161.000000,2,1.072161
79.000000,6,3.704279
183.500000,6,15.856794
56.000000,3,0.649967
70.600000,10,4.398854
25.000000,4,0.470196
145.000000,4,2.140482
101.750000,4,1.359460
98.800000,5,1.765681
76.428571,7,2.355538
21.000000,2,0.278354
96.000000,2,0.412801
76.750000,8,2.385505
91.000000,2,0.357994
86.000000,2,0.371724
56.000000,2,0.306916
123.500000,2,0.903892
107.500000,4,1.503371
63.666667,3,0.529452
29.000000,5,0.708461
119.000000,2,0.706834
135.500000,2,0.548957
88.153846,13,6.933403
81.000000,3,0.514526
73.230769,13,15.971481
79.000000,5,1.873759
112.750000,4,4.895854
98.500000,8,4.388759
98.000000,2,0.466152
71.000000,3,0.874406
55.857143,14,4.364553
255.000000,4,24.586142
67.500000,2,0.359236
86.750000,4,0.952142
71.615385,13,4.510106
94.000000,16,19.265424
81.800000,5,2.859124
92.333333,3,1.171983
87.333333,3,0.765391
103.200000,5,4.533954
274.000000,3,15.565724
368.333333,15,696.676620
50.500000,2,0.314353
74.000000,3,0.549346
98.000000,5,2.437840
75.000000,2,0.340062
193.222222,18,195.586540
88.500000,2,0.379703
99.750000,4,3.130014
68.062500,16,8.694387
133.000000,3,3.015738
151.250000,4,2.995858
78.400000,5,3.002971
89.833333,12,8.340599
114.000000,16,17.384736
47.000000,2,0.289982
53.200000,5,0.711411
170.750000,4,5.846601
82.000000,2,0.350776
77.500000,2,0.318857
90.000000,4,1.119220
84.000000,2,0.353018
67.000000,10,3.071613
55.833333,6,2.332281
74.500000,2,0.318459
122.000000,8,10.387586
109.500000,4,1.587612
126.500000,4,3.261884
341.625000,16,1132.398232
76.500000,2,0.558652
64.600000,5,0.914787
80.500000,2,0.329084
80.062500,16,26.111331
88.000000,2,0.414363
122.000000,13,12.758642
205.250000,4,11.015236
138.000000,3,5.614277
138.000000,3,1.439713
87.666667,18,22.318579
80.000000,3,0.613348
86.000000,4,0.953494
97.000000,2,0.399007
80.666667,3,0.593505
38.000000,2,0.271007
67.500000,2,0.389983
70.000000,3,0.814960
91.666667,3,0.707693
31.000000,3,0.383741
53.000000,2,0.283209
227.750000,4,15.347034
55.600000,5,1.007918
80.000000,2,0.340799
102.350000,20,29.633741
65.000000,2,0.319847
87.000000,7,7.364406
77.500000,8,6.823051
192.500000,4,6.481394
79.000000,5,1.092294
87.800000,5,1.756025
118.000000,5,3.099416
136.000000,2,0.657095
102.000000,3,1.955335
110.000000,4,1.662081
104.500000,4,1.126566
104.785714,14,26.065846
91.000000,3,0.845855
87.400000,10,22.588565
66.000000,5,0.831266
160.000000,4,7.797509
91.000000,2,0.365070
98.416667,12,24.861396
84.000000,5,1.212263
95.000000,2,0.477849
78.000000,2,0.393159
151.666667,3,1.688716
309.800000,5,101.315275
132.666667,3,2.267530
94.538462,13,24.114338
85.666667,6,3.936139
74.125000,16,8.737344
53.000000,2,0.278568
113.076923,13,12.956079
62.666667,6,1.064157
135.307692,13,52.041750
168.750000,4,3.278171
70.250000,8,2.630366
106.400000,20,45.827795
78.000000,3,0.502096
73.750000,4,0.695207
70.571429,14,4.813884
66.875000,8,1.608403
116.000000,3,0.958741
69.000000,2,0.374362
224.250000,4,9.453335
71.400000,5,1.134598
80.375000,16,16.498115
96.500000,2,0.384671
311.100000,10,119.623459
108.666667,6,3.285451
311.666667,3,16.275878
74.600000,5,1.614566
84.000000,3,0.647019
64.600000,5,2.184476
74.090909,11,8.743471
97.666667,3,1.040052
37.000000,6,0.684206
127.400000,5,3.042389
96.500000,2,0.516980
210.000000,6,11.954109
82.000000,2,0.363452
107.500000,2,0.917075
145.285714,7,4.834871
76.000000,3,0.723715
52.000000,18,5.124446
417.000000,3,40.481481
104.000000,5,1.544161
197.600000,5,12.960576
95.750000,4,1.568698
69.000000,3,0.484031
199.000000,2,2.205495
111.000000,2,0.490534
52.500000,2,0.318045
102.400000,5,3.881540
91.454545,11,7.319882
74.200000,5,1.493906
262.000000,2,2.183756
74.000000,2,0.319103
121.750000,4,3.375551
115.800000,10,13.274785
108.692308,13,33.194840
100.000000,2,0.480289
87.500000,2,0.397480
112.500000,2,0.438078
46.300000,10,3.829118
131.000000,2,0.923691
89.600000,15,9.581768
81.000000,2,0.403164
98.333333,3,1.346935
88.400000,15,21.394433
91.000000,3,0.914949
298.666667,9,74.335261
78.000000,2,0.328211
37.000000,5,0.632361
251.000000,3,9.484028
100.736842,19,20.539864
144.750000,4,2.816694
74.500000,4,0.881045
136.000000,4,11.502916
71.000000,2,0.296447
150.333333,3,2.361226
59.000000,3,0.459839
71.944444,18,17.449594
94.200000,5,1.794086
77.857143,7,1.739176
86.500000,2,0.536520
83.000000,5,1.048899
96.500000,4,1.151203
170.176471,17,101.042279
109.600000,5,2.840195
68.000000,2,0.358895
146.833333,6,5.332438
71.166667,6,1.270617
90.000000,2,0.364031
72.333333,3,0.752941
75.500000,6,1.540968
78.000000,2,0.347144
67.250000,4,0.726610
91.000000,2,0.384610
186.666667,3,3.628578
58.000000,2,0.341609
84.000000,2,0.377964
58.000000,11,5.999592
129.666667,3,1.796242
51.400000,5,0.792322
94.076923,13,6.520001
84.500000,2,0.367043
30.000000,7,1.075027
148.150000,20,141.086855
69.916667,12,15.629510
151.500000,2,0.771096
98.571429,7,4.496017
62.000000,4,0.675640
85.666667,3,1.013653
60.000000,2,0.320521
91.666667,3,0.681878
90.500000,6,1.732283
147.764706,17,42.694281
86.000000,2,0.355776
53.000000,2,0.277783
65.500000,4,0.804437
193.300000,10,55.280071
126.500000,6,12.687629
240.000000,5,16.198955
88.000000,2,0.771325
91.000000,2,0.351418
95.500000,2,0.413005
81.000000,2,0.341322
172.153846,13,34.419099
65.000000,2,0.296950
56.000000,2,0.290457
80.750000,4,0.890862
96.000000,2,0.409437
121.181818,11,18.707217
44.894737,19,4.452639
186.800000,5,10.841098
67.000000,2,0.347827
75.000000,2,0.309854
88.555556,9,13.703864
66.857143,7,1.239577
77.500000,2,0.347610
161.833333,6,12.505187
66.500000,2,0.438683
75.000000,3,1.472027
73.444444,9,4.106754
84.000000,2,0.329074
161.000000,9,44.685504
86.000000,2,0.345034
54.000000,4,0.628217
146.000000,13,32.579175
71.500000,2,0.441453
81.111111,9,7.515665
164.600000,10,43.183163
97.000000,2,0.432484
94.000000,2,0.384666
83.875000,8,2.619214
80.833333,6,5.123417
222.428571,7,40.351795
102.666667,9,3.610532
70.888889,9,2.378289
65.000000,8,1.638513
111.000000,3,1.504930
59.000000,2,0.317609
94.000000,2,0.445880
80.000000,2,0.390908
76.222222,9,11.387833
106.111111,9,5.371561
36.750000,4,0.509474
80.000000,3,0.786057
37.000000,12,2.088416
120.500000,4,1.959955
106.200000,5,1.857349
89.000000,2,0.377472
67.066667,15,5.127413
45.333333,9,1.694407
99.636364,11,16.131938
45.000000,7,1.429328
128.473684,19,38.205317
133.500000,2,0.553475
106.181818,11,14.685155
102.333333,3,0.942510
103.777778,18,46.549161
178.250000,4,5.115075
91.333333,6,4.311921
88.400000,5,1.384660
68.000000,2,0.340494
69.000000,3,0.833068
67.333333,3,1.448068
122.000000,4,3.121598
66.000000,2,0.308794
78.000000,11,10.793956
80.000000,2,0.379712
73.000000,6,1.296347
131.500000,8,7.098480
28.000000,3,0.364538
52.000000,2,0.283032
106.333333,3,1.156219
168.200000,5,14.150498
130.800000,5,2.727890
144.000000,2,0.699344
128.000000,9,15.079373
98.083333,12,10.102397
60.000000,4,0.593292
84.666667,6,1.865870
214.500000,2,1.772454
96.500000,2,0.448225
83.250000,8,3.741858
60.666667,3,0.711811
58.250000,4,0.574894
79.615385,13,7.923698
172.500000,4,5.932085
222.750000,4,20.250523
69.666667,18,20.212757
131.333333,3,1.547865
165.000000,5,18.865713
67.333333,3,1.606390
93.000000,4,3.331888
65.000000,6,1.506220
90.000000,3,0.864370
81.187500,16,17.708373
83.000000,2,0.400552
37.000000,2,0.280302
84.500000,8,6.347669
190.923077,13,168.440095
104.000000,3,1.626977
96.764706,17,281.022283
98.000000,5,4.916489
181.944444,18,155.913889
123.000000,2,0.491665
75.000000,2,0.330976
244.000000,3,17.244056
72.333333,3,0.581125
39.000000,2,0.307050
180.000000,4,2.972468
179.100000,10,48.140754
146.785714,14,72.907990
153.312500,16,99.468106
54.800000,5,1.129940
74.800000,5,1.122922
60.000000,4,0.833921
67.666667,3,0.488196
92.666667,3,0.821948
74.000000,2,0.334893
74.000000,2,0.304359
148.750000,4,3.110429
82.100000,10,17.742404
91.333333,6,2.181337
101.000000,2,0.529088
118.250000,4,3.172589
57.000000,2,0.293813
73.000000,2,0.347797
171.105263,19,222.885288
197.200000,5,17.939339
248.000000,2,1.648869
83.000000,9,13.888945
75.166667,6,6.249283
57.285714,7,1.914345
79.000000,13,14.103032
55.125000,8,2.577482
141.333333,6,7.498588
79.800000,5,2.893024
99.416667,12,13.871079
35.000000,5,0.589189
90.789474,19,17.726526
69.000000,3,0.548893
128.111111,9,14.992413
70.000000,3,0.757960
82.000000,2,0.418992
144.000000,2,0.969134
72.000000,2,0.434439
72.000000,5,1.131754
85.600000,5,1.389878
116.000000,2,0.999090
57.600000,5,0.949897
98.000000,2,0.458245
117.000000,8,10.195862
89.263158,19,13.408377
87.437500,16,12.233265
123.000000,2,0.551586
110.800000,10,15.488996
122.500000,2,0.525892
108.714286,7,8.138272
53.666667,6,1.249097
72.000000,4,0.676265
62.666667,3,0.497986
72.666667,3,0.651011
71.000000,2,0.346481
141.692308,13,38.872812
69.250000,4,1.082348
84.000000,16,43.939705
59.000000,3,1.345609
67.666667,3,1.446828
87.666667,6,9.475120
136.857143,7,212.575885
254.000000,4,44.430140
63.000000,2,0.697952
162.500000,4,5.911263
99.666667,18,51.097709
93.000000,2,0.442841
71.500000,4,2.230320
85.500000,2,0.420892
99.500000,2,0.463902
92.000000,4,1.337907
85.000000,2,0.449841
226.210526,19,456.201927
72.125000,8,3.394043
72.750000,4,0.855627
108.687500,16,45.443052
44.000000,3,0.422794
160.250000,4,6.193563
129.800000,5,4.385612
74.000000,2,0.546849
57.000000,2,0.359803
78.000000,2,0.336262
130.750000,4,2.212440
101.000000,4,1.143505
125.400000,5,3.296736
246.750000,4,69.540621
195.000000,5,21.630801
122.333333,3,2.109782
112.500000,2,0.836819
58.600000,5,1.272973
86.333333,3,1.053226
63.166667,6,1.634050
76.333333,3,0.820370
88.529412,17,262.541520
69.000000,2,0.621506
82.333333,9,9.424133
82.166667,6,5.384441
93.444444,9,7.302017
85.666667,6,6.049651
83.800000,5,1.840651
95.000000,2,0.653096
87.000000,2,0.649095
120.000000,2,0.679719
489.000000,4,110.615253
83.000000,3,1.770837
100.500000,4,3.714599
83.000000,2,0.355689
126.500000,2,0.682981
248.000000,5,33.902364
74.333333,3,0.527168
25.000000,2,0.265318
82.687500,16,8.937906
92.000000,2,0.394000
112.000000,3,0.927917
153.000000,2,1.184202
132.066667,15,26.924897
198.500000,6,33.338306
91.333333,3,1.166254
93.944444,18,67.915975
65.250000,4,0.831785
111.333333,3,0.933551
111.846154,13,52.428884
173.600000,5,4.606700
85.200000,5,1.279266
333.000000,3,49.067577
53.000000,6,2.135083
20.000000,16,2.421465
212.000000,2,4.897925
77.000000,2,0.353187
125.600000,5,4.505792
100.111111,9,4.911805
45.600000,10,1.845518
315.176471,17,780.354887
93.538462,13,24.617155
128.000000,8,7.180208
56.666667,3,0.429961
192.636364,11,46.422008
80.357143,14,14.684772
70.666667,3,0.577575
140.428571,7,11.781652
69.666667,3,1.046963
78.000000,2,0.414560
312.375000,8,107.581988
75.454545,11,4.403419
180.000000,14,60.489912
100.000000,2,0.382150
106.153846,13,9.167397
95.153846,13,13.972428
77.000000,2,0.378206
63.000000,4,1.335433
97.200000,5,1.647791
74.000000,4,2.218269
111.500000,4,1.932953
101.555556,9,4.989788
96.400000,5,1.431436
106.500000,4,3.034734
117.923077,13,68.921050
75.000000,2,0.320720
69.000000,2,0.371429
189.800000,5,5.279003
117.000000,2,0.539839
64.000000,2,0.299512
83.250000,4,1.464149
67.850000,20,20.351579
73.500000,2,0.344781
86.714286,7,2.956117
381.000000,9,178.316883
106.000000,4,2.614559
83.750000,4,2.039501
146.000000,3,3.466153
60.333333,3,1.005822
90.333333,3,1.573371
67.833333,12,7.172642
250.666667,3,4.641681
83.500000,2,0.381404
37.000000,2,0.279809
213.000000,3,7.027896
133.800000,5,3.984965
95.500000,2,0.473268
204.222222,18,478.729884
224.866667,15,102.699011
64.500000,2,0.297860
71.666667,3,1.283839
84.600000,5,2.132787
57.200000,5,0.976527
112.833333,12,8.251905
115.000000,2,0.518351
74.875000,16,19.410224
87.000000,6,4.043487
88.000000,2,0.376728
106.000000,3,2.451826
70.000000,4,0.765097
109.500000,6,2.917821
37.000000,2,0.327546
86.722222,18,11.677316
258.888889,18,382.901069
68.333333,6,1.382373
289.375000,8,98.258696
196.000000,2,1.947967
83.909091,11,10.696449
148.375000,8,12.147198
91.000000,2,0.397758
115.928571,14,30.321804
95.142857,7,3.424511
175.000000,5,29.597064
47.000000,3,0.717634
77.625000,8,7.146205
82.500000,2,0.346626
89.500000,2,0.392274
59.000000,3,0.444459
75.666667,3,1.251980
101.000000,2,0.422189
78.666667,12,5.244964
72.250000,4,1.306015
67.000000,4,0.899436
140.533333,15,28.982744
67.500000,2,0.332010
91.000000,7,6.609230
134.000000,6,5.390774
93.400000,10,5.144418
92.000000,6,5.819184
67.000000,2,0.319123
191.000000,3,5.863081
75.500000,2,0.464888
126.000000,2,0.554596
56.000000,2,0.356682
82.000000,2,0.367692
173.000000,2,0.813935
73.000000,2,0.395128
85.333333,18,42.313036
111.600000,5,2.871981
78.666667,3,1.509580
115.333333,3,1.827454
252.222222,9,423.985645
29.000000,3,0.330025
172.285714,7,11.207936
112.000000,6,2.642388
79.142857,7,2.564925
170.750000,4,3.648842
94.857143,14,17.074482
107.000000,18,42.607907
72.000000,3,1.586136
166.857143,7,9.044250
140.000000,5,8.032818
161.777778,9,16.953425
309.500000,4,8.903804
99.500000,4,4.098112
86.800000,5,1.815010
93.187500,16,17.155668
336.000000,3,16.765908
98.750000,4,0.996788
73.333333,3,0.504498
235.500000,4,5.545128
138.250000,8,10.094259
79.600000,5,1.678152
150.500000,4,16.582230
287.700000,20,804.625183
81.833333,6,4.950637
146.500000,8,28.196790
125.666667,3,4.213913
207.111111,9,52.925283
80.000000,3,0.894832
95.400000,5,2.019453
73.315789,19,15.876037
98.000000,2,0.566883
70.823529,17,23.133795
84.500000,2,0.480616
53.000000,8,2.255634
124.000000,3,2.257258
85.600000,15,25.850625
98.714286,7,8.802876
129.714286,7,5.663118
76.200000,5,5.306262
78.666667,3,0.929352
90.000000,2,0.369122
83.636364,11,4.118954
64.000000,2,0.306121
119.500000,2,0.730945
30.000000,3,0.332607
76.050000,20,37.072119
111.000000,3,1.192384
195.000000,19,145.661685
77.000000,4,0.784640
148.666667,3,2.145825
179.400000,5,8.208127
123.000000,2,0.793861
91.900000,10,14.012556
71.818182,11,3.942502
186.500000,2,1.212914
80.000000,2,0.335197
93.812500,16,10.634695
138.461538,13,60.978499
58.666667,3,0.632921
152.666667,3,2.907668
57.000000,10,3.045645
215.866667,15,162.091801
99.571429,7,11.680217
135.500000,4,1.981130
89.800000,5,3.073132
40.000000,2,0.259701
138.000000,7,5.282241
64.250000,4,0.707786
474.000000,4,71.269851
94.272727,11,13.644096
46.875000,8,1.623314
73.000000,3,2.427968
87.750000,4,2.348840
122.600000,5,3.097718
103.000000,2,0.490348
190.750000,4,21.966511
73.500000,4,1.364467
89.272727,11,38.139406
74.500000,4,1.844438
139.333333,3,2.448214
56.200000,5,1.863658
56.500000,2,0.536517
140.000000,3,2.475498
68.000000,2,0.577380
134.642857,14,82.387123
30.000000,4,1.106138
55.250000,8,2.975810
103.500000,2,1.357653
131.000000,3,1.417687
63.000000,2,0.295276
81.000000,3,0.626767
55.000000,4,0.547468
77.333333,3,0.582259
303.285714,7,44.022221
73.000000,2,0.359061
75.000000,2,0.367352
68.000000,2,0.308231
84.333333,3,0.656548
98.500000,2,0.624120
37.000000,2,0.280892
236.000000,3,8.613331
73.000000,3,0.579151
76.350000,20,11.728384
87.000000,5,3.252087
79.000000,16,11.185737
108.866667,15,30.479417
68.000000,2,0.362090
86.400000,5,1.377053
86.000000,2,0.347569
119.000000,3,2.190784
92.222222,18,34.046952
83.500000,6,1.413377
95.833333,6,2.474880
71.500000,2,0.394699
67.750000,4,0.700413
73.166667,12,3.764664
123.333333,3,1.964275
103.000000,2,0.631401
82.000000,3,1.103552
141.416667,12,27.795364
79.000000,3,0.795600
232.000000,2,3.714927
94.500000,8,3.883449
203.800000,5,9.733679
66.000000,2,0.305178
105.400000,5,3.258179
57.000000,7,2.663316
88.600000,5,1.331150
94.000000,3,0.833699
87.500000,2,0.381491
73.444444,18,10.035791
107.500000,10,19.700594
69.500000,4,0.760429
72.600000,5,2.824004
82.142857,7,5.062924
85.500000,2,0.451487
203.200000,5,29.763276
63.000000,2,0.386102
93.333333,3,0.698729
99.000000,3,3.456510
86.333333,3,0.769499
37.000000,2,0.293643
159.000000,2,0.691919
144.666667,3,2.140197
89.000000,2,0.366800
428.666667,3,73.295657
92.000000,3,0.757911
82.666667,6,6.133017
199.090909,11,50.600140
109.285714,14,14.557874
121.500000,2,0.729331
83.000000,2,0.378925
125.444444,18,35.409926
116.500000,4,5.498246
148.812500,16,66.906001
121.500000,2,0.819368
85.000000,2,0.474171
274.800000,5,28.331867
227.000000,2,2.633998
100.000000,2,0.814259
158.666667,3,9.172192
309.000000,2,11.829685
209.500000,6,18.629961
78.263158,19,47.653068
78.600000,5,5.912992
77.500000,2,0.883733
92.166667,12,33.419985
74.000000,6,12.508182
121.666667,6,8.712025
74.333333,3,1.262885
141.000000,2,1.623781
73.000000,2,0.760635
105.333333,6,4.382551
202.000000,2,3.443042
97.000000,2,0.784585
82.500000,4,6.133717
76.666667,3,1.235582
105.000000,3,1.629997
494.000000,6,340.648687
84.000000,4,0.511982
348.200000,5,14.470758
82.000000,3,0.367624
74.352941,17,10.665987
221.000000,3,3.505245
81.571429,7,2.160319
82.000000,10,16.022026
37.000000,2,0.289431
114.000000,2,0.628282
131.272727,11,32.118613
79.000000,3,0.863592
113.000000,2,0.555421
68.545455,11,4.803701
73.000000,2,0.380670
83.000000,2,0.341710
98.000000,4,3.291085
70.200000,20,37.416554
97.300000,10,16.582960
80.750000,4,1.021570
63.000000,4,0.681758
113.714286,7,4.941985
97.500000,12,6.183720
128.450000,20,92.225788
94.909091,11,11.019466
95.000000,2,0.677134
82.000000,3,1.175455
147.666667,3,13.084138
89.250000,4,3.519099
85.500000,2,0.706078
128.000000,3,10.900086
85.000000,17,28.328602
73.000000,3,1.891825
110.500000,6,9.194985
85.000000,5,3.877572
153.500000,2,2.012181
86.000000,3,1.708010
415.333333,6,297.929353
105.600000,5,3.006723
65.333333,3,0.328720
81.000000,2,0.412337
135.437500,16,37.875582
65.833333,6,1.982979
65.000000,4,0.420999
71.000000,3,0.340304
89.000000,2,0.227124
117.000000,2,0.286274
281.333333,3,3.830952
139.333333,3,0.963963
60.000000,12,3.045243
97.857143,7,3.133180
65.400000,5,1.092090
65.714286,7,1.827430
98.000000,3,0.454041
168.800000,10,40.498802
114.222222,9,20.717028
73.000000,2,0.318588
76.000000,2,0.335929
64.000000,3,0.455861
82.750000,4,0.859436
88.666667,3,0.877793
100.500000,6,3.253357
68.000000,2,0.316313
91.090909,11,19.604739
92.388889,18,32.378398
105.400000,15,29.498626
126.200000,5,5.848567
402.500000,2,10.237881
126.600000,10,19.412565
121.500000,12,55.257423
96.000000,5,2.599186
78.846154,13,16.992985
234.375000,16,399.234177
61.000000,2,0.205892
117.000000,2,0.298367
94.444444,9,2.279739
69.562500,16,14.144093
102.200000,5,2.227694
35.000000,5,0.341357
126.142857,14,16.455545
57.333333,3,0.304479
139.000000,8,7.343940
76.833333,12,4.683056
132.333333,9,8.756175
76.500000,4,0.533425
92.833333,6,2.037509
68.833333,6,0.662957
75.750000,4,0.468554
184.200000,10,15.575558
89.285714,7,5.661704
99.800000,15,18.937650
85.888889,9,4.207566
84.250000,4,0.562093
109.000000,2,0.244874
75.500000,2,0.230629
62.666667,3,0.310394
175.500000,2,0.857032
450.125000,8,306.801004
128.000000,6,2.340637
67.000000,2,0.189387
79.000000,3,0.813509
81.615385,13,15.739591
57.200000,5,0.590610
219.714286,7,35.535388
145.000000,4,4.296118
103.611111,18,93.168877
75.750000,4,2.022535
36.888889,9,3.994457
86.000000,9,10.023009
37.000000,2,0.491540
141.333333,6,19.708831
37.000000,2,0.517918
123.000000,5,14.422984
119.666667,3,3.086526
106.785714,14,65.042705
80.000000,13,12.868400
70.500000,4,1.573853
99.200000,5,4.059629
98.400000,5,3.541767
68.000000,2,0.683986
140.500000,2,1.368839
100.500000,10,45.569929
58.500000,2,0.682443
150.500000,2,1.885669
72.000000,2,0.562189
284.625000,8,141.958827
87.500000,4,0.899953
170.533333,15,44.595624
73.750000,4,0.573345
152.000000,5,2.979197
100.285714,7,2.630149
95.000000,2,0.313895
400.923077,13,621.011729
82.000000,3,0.299261
111.250000,4,1.277673
203.000000,3,2.406539
155.166667,6,9.282035
88.500000,4,0.530469
97.333333,6,1.337651
194.000000,3,2.172289
94.166667,6,3.082974
203.857143,7,18.666146
62.000000,10,2.481419
86.857143,7,1.356386
88.000000,6,2.021689
141.200000,5,5.172188
70.000000,2,0.206429
90.642857,14,5.087474
79.000000,2,0.200591
137.666667,3,0.966148
181.333333,3,1.078082
35.000000,6,0.383431
82.888889,18,7.387473
87.000000,2,0.884058
58.000000,2,0.638283
127.000000,2,1.707588
77.000000,11,13.323071
42.600000,10,3.646121
125.500000,2,1.581042
87.625000,8,33.460416
71.692308,13,12.564190
74.000000,2,0.794185
44.500000,8,2.601277
135.000000,2,1.290534
94.500000,2,1.048521
187.000000,3,8.046035
86.000000,3,3.690382
71.000000,2,0.743807
77.000000,2,0.825750
87.000000,2,0.836844
63.000000,2,0.674259
100.000000,3,1.619269
149.285714,7,26.584139
58.000000,4,1.164525
77.500000,2,1.137135
294.666667,3,21.612753
76.000000,2,0.570177
107.000000,4,2.108629
101.125000,16,39.805085
78.500000,4,4.852800
71.000000,2,0.447778
63.000000,7,2.579525
96.187500,16,35.808090
66.000000,3,1.376943
72.363636,11,3.603481
90.000000,2,0.409295
108.800000,5,2.199127
84.333333,3,0.854094
58.000000,2,0.323153
37.000000,2,0.292754
83.000000,3,0.629223
105.200000,5,3.768059
72.800000,5,1.253064
72.714286,7,1.842410
214.500000,12,80.138824
273.200000,5,12.565170
92.000000,2,0.287469
67.000000,3,0.376918
83.000000,9,2.627746
