67.800000,5,0.865988
73.800000,5,0.832885
71.600000,5,1.332193
72.800000,5,1.093492
72.800000,5,1.033065
73.000000,5,0.829530
74.800000,5,1.183461
72.600000,5,0.904313
73.200000,5,0.866817
68.000000,5,0.972594
76.200000,5,1.447860
72.800000,5,0.936990
69.000000,5,1.363773
73.000000,5,0.950137
70.200000,5,1.249005
67.600000,5,0.974233
73.600000,5,0.917204
73.200000,5,0.922948
75.600000,5,1.220875
70.600000,5,0.970905
73.600000,5,1.056334
73.600000,5,1.057866
72.000000,5,0.835115
74.400000,5,1.407632
70.000000,5,1.113198
72.600000,5,0.795343
67.400000,5,0.896320
73.600000,5,0.919495
73.600000,5,0.817793
72.800000,5,1.020585
73.000000,5,1.044439
73.400000,5,0.770881
73.000000,5,0.887445
67.600000,5,1.097571
73.200000,5,0.982018
70.200000,5,0.921680
73.800000,5,0.909387
73.600000,5,0.831912
72.600000,5,0.898775
72.800000,5,0.984412
73.000000,5,0.782871
72.000000,5,0.996483
72.800000,5,0.976152
72.000000,5,0.827058
73.600000,5,0.909519
72.800000,5,1.021872
73.000000,5,0.871130
77.800000,5,1.326188
70.000000,5,1.187307
73.200000,5,0.968880
73.600000,5,0.870593
76.800000,5,1.214878
71.800000,5,1.081090
75.000000,5,1.166367
69.800000,5,1.163131
73.800000,5,0.916983
73.000000,5,1.268400
73.600000,5,0.926860
73.000000,5,0.945601
73.000000,5,0.969592
73.000000,5,0.931626
73.600000,5,1.151090
67.600000,5,0.846278
72.000000,5,1.214121
73.000000,5,0.858943
73.800000,5,0.921700
73.200000,5,0.916326
69.800000,5,1.308637
67.600000,5,0.870006
73.000000,5,1.119074
73.400000,5,0.948874
73.000000,5,0.867774
72.000000,5,1.040508
73.800000,5,1.034668
67.400000,5,0.825096
67.400000,5,0.966516
74.400000,5,1.216494
73.000000,5,0.889871
74.800000,5,1.292432
67.600000,5,0.918397
73.000000,5,0.831984
69.200000,5,1.236739
72.800000,5,0.898828
67.600000,5,0.824461
73.600000,5,0.901745
75.200000,5,1.367593
72.200000,5,1.352238
67.400000,5,0.904106
73.800000,5,0.757127
72.000000,5,0.978040
76.400000,5,1.317235
73.200000,5,0.976073
76.000000,5,1.119740
73.400000,5,0.966923
72.000000,5,0.809871
71.600000,5,1.425081
71.400000,5,1.210386
73.200000,5,1.047233
112.600000,5,3.191159
115.000000,5,3.639667
115.400000,5,3.398998
121.600000,5,2.278121
120.000000,5,2.443287
117.800000,5,4.008085
116.200000,5,1.906880
117.400000,5,2.562151
118.600000,5,1.845903
116.600000,5,2.113614
114.800000,5,2.172522
119.200000,5,3.189783
110.400000,5,2.873910
117.000000,5,4.129029
118.200000,5,1.674731
118.800000,5,1.994764
115.800000,5,2.953999
117.000000,5,2.251945
115.600000,5,3.265454
116.000000,5,2.546715
116.600000,5,2.964223
116.800000,5,2.602865
121.200000,5,2.942576
120.400000,5,3.024551
116.400000,5,3.388788
116.400000,5,2.322407
116.000000,5,3.459753
118.600000,5,1.997370
117.400000,5,3.041877
119.600000,5,2.097118
120.000000,5,2.214594
115.400000,5,3.064787
121.000000,5,1.697963
116.400000,5,2.673159
117.000000,5,2.933884
118.400000,5,1.811201
115.000000,5,2.712828
116.200000,5,3.220837
117.600000,5,2.517377
115.800000,5,3.409363
119.000000,5,2.241315
118.800000,5,2.118312
117.000000,5,2.777177
115.800000,5,2.357761
117.800000,5,2.756786
119.800000,5,2.375832
120.200000,5,2.382401
121.600000,5,2.782445
119.000000,5,2.375655
119.000000,5,2.246989
117.800000,5,3.978325
116.200000,5,2.495766
118.800000,5,2.628937
118.000000,5,2.302667
118.600000,5,2.722002
116.000000,5,2.575191
116.200000,5,2.519792
118.800000,5,2.302921
114.600000,5,3.719887
117.400000,5,2.628479
113.200000,5,2.317526
114.800000,5,2.655439
115.800000,5,2.219344
116.000000,5,3.630146
117.000000,5,2.823725
116.400000,5,2.313264
116.200000,5,3.312177
121.000000,5,1.960093
116.000000,5,3.304575
115.400000,5,2.441828
115.800000,5,4.293344
118.600000,5,3.493469
118.600000,5,2.397075
116.600000,5,2.568714
116.000000,5,1.818121
117.000000,5,3.070242
116.200000,5,2.467394
116.000000,5,2.697086
299.200000,5,17.288688
299.000000,5,12.735174
298.600000,5,18.069673
298.600000,5,11.870358
282.800000,5,17.673307
290.000000,5,12.876930
297.000000,5,9.648222
299.000000,5,17.550207
296.800000,5,11.304142
303.800000,5,13.577029
303.400000,5,16.597231
303.400000,5,15.177133
299.000000,5,13.899361
298.600000,5,18.555931
298.800000,5,17.198367
299.000000,5,10.641806
297.200000,5,14.879446
299.800000,5,11.972938
304.400000,5,15.217370
299.400000,5,8.835832
297.400000,5,15.393819
297.400000,5,12.118424
299.000000,5,20.593334
298.000000,5,10.537025
303.200000,5,10.902225
304.400000,5,13.747846
298.400000,5,12.427049
303.600000,5,12.791511
299.400000,5,18.793444
298.800000,5,18.372658
302.800000,5,9.950934
299.600000,5,14.490152
298.800000,5,16.347490
299.000000,5,12.334417
298.800000,5,21.432970
297.600000,5,11.032074
298.400000,5,10.131055
292.200000,5,16.737814
303.600000,5,13.840305
302.000000,5,15.667876
302.800000,5,16.104454
290.200000,5,17.716151
76.600000,5,0.500784
69.800000,5,0.932579
77.800000,5,0.907055
81.600000,5,1.043489
80.400000,5,1.141191
74.800000,5,0.827248
72.800000,5,0.802655
74.200000,5,0.860417
75.200000,5,0.694719
61.800000,5,0.744764
81.000000,5,1.038795
86.600000,5,1.299849
76.800000,5,0.960177
72.600000,5,0.935109
76.400000,5,0.955642
75.400000,5,0.713195
76.000000,5,0.864610
77.400000,5,0.945762
78.800000,5,0.977830
77.400000,5,0.887432
76.800000,5,0.798815
69.600000,5,0.678535
72.000000,5,0.897443
88.600000,5,1.493726
75.400000,5,0.840617
75.400000,5,0.908199
141.800000,5,6.325679
83.600000,5,1.106871
71.600000,5,0.710642
78.200000,5,1.175356
75.800000,5,0.911405
79.400000,5,1.151573
75.200000,5,0.909293
74.200000,5,0.947305
76.600000,5,0.950792
140.000000,5,5.073309
81.800000,5,1.014431
83.200000,5,1.217146
76.600000,5,0.861786
79.600000,5,1.102252
77.800000,5,0.821322
140.400000,5,5.922411
71.800000,5,0.888025
79.400000,5,1.049817
86.400000,5,1.339940
75.400000,5,0.913171
141.600000,5,6.824134
75.200000,5,1.030481
81.600000,5,1.139731
76.000000,5,0.984894
81.200000,5,1.040721
78.600000,5,1.075579
76.000000,5,0.802407
78.800000,5,0.993925
72.200000,5,0.937135
75.200000,5,1.011488
74.200000,5,0.870564
75.600000,5,0.853628
81.800000,5,1.320849
61.800000,5,0.704070
76.800000,5,0.844848
76.800000,5,0.808632
76.200000,5,0.959721
140.000000,5,4.655857
73.600000,5,0.972783
78.000000,5,0.838631
79.200000,5,0.958034
74.200000,5,0.833218
76.200000,5,0.905051
87.000000,5,1.371700
74.800000,5,0.845634
76.200000,5,0.744618
69.000000,5,0.925611
76.600000,5,1.016538
75.800000,5,0.964410
79.000000,5,0.729305
71.000000,5,0.888054
81.400000,5,1.150463
73.400000,5,0.947708
62.200000,5,0.705704
78.000000,5,0.741465
71.200000,5,0.908266
80.200000,5,0.938354
74.800000,5,0.852303
76.400000,5,0.768120
79.200000,5,1.065457
76.600000,5,0.854584
78.400000,5,0.909675
79.000000,5,0.771791
72.800000,5,0.831293
76.200000,5,0.956066
74.000000,5,0.820012
118.200000,5,2.028780
115.800000,5,2.731261
117.200000,5,3.236382
116.200000,5,1.964324
120.800000,5,3.153342
119.000000,5,2.114756
116.400000,5,2.332666
121.400000,5,1.658968
120.400000,5,1.726085
118.400000,5,2.956648
119.800000,5,1.769178
118.600000,5,2.127455
122.400000,5,1.694454
119.000000,5,2.138897
115.600000,5,1.721313
114.000000,5,2.249970
119.400000,5,2.052661
116.000000,5,3.253730
116.800000,5,2.402396
117.600000,5,2.440378
117.400000,5,1.939961
116.200000,5,1.982167
116.800000,5,1.923628
118.400000,5,2.165859
121.200000,5,2.757661
118.600000,5,2.164030
115.600000,5,2.084048
122.000000,5,2.387232
118.600000,5,2.030950
120.600000,5,1.978038
121.600000,5,2.173889
119.000000,5,2.340542
117.400000,5,1.687447
118.200000,5,2.452094
119.800000,5,2.241929
122.200000,5,2.773910
122.800000,5,2.109142
119.800000,5,2.807882
117.600000,5,1.946736
121.200000,5,1.852036
117.800000,5,1.913870
117.800000,5,2.382418
117.000000,5,2.338767
114.400000,5,2.067531
115.000000,5,2.220768
118.800000,5,2.186109
114.000000,5,1.941575
118.000000,5,2.473179
115.800000,5,2.006194
114.000000,5,2.433819
122.400000,5,1.953618
114.600000,5,2.078186
114.400000,5,2.070804
115.600000,5,1.656994
116.600000,5,1.793730
121.200000,5,1.419524
118.800000,5,2.525310
117.000000,5,1.977724
118.000000,5,1.907362
120.800000,5,1.935495
117.600000,5,2.053584
121.600000,5,1.574715
118.200000,5,2.397363
117.800000,5,1.781084
119.800000,5,2.184503
116.400000,5,3.259810
121.800000,5,1.855898
121.000000,5,1.394836
120.000000,5,1.819391
120.800000,5,1.482124
117.400000,5,1.654727
122.800000,5,2.741084
117.800000,5,1.320859
117.400000,5,1.627934
