74.700000,20,26.814317
77.200000,20,33.754534
116.200000,20,66.389024
76.250000,20,31.635141
117.400000,20,67.532327
117.400000,20,65.230136
74.900000,20,26.204279
116.950000,20,66.351648
116.100000,20,68.701973
76.050000,20,30.320565
76.800000,20,37.998151
75.900000,20,34.685195
121.550000,20,84.880966
76.100000,20,46.388140
116.250000,20,104.121503
75.350000,20,35.682044
123.300000,20,69.157980
123.300000,20,62.906030
74.700000,20,28.431389
117.050000,20,66.476489
75.400000,20,27.712979
73.550000,20,27.355164
121.600000,20,62.344209
115.750000,20,70.781712
122.800000,20,59.386744
116.450000,20,81.260565
75.950000,20,45.564661
123.200000,20,109.774065
77.400000,20,59.882302
116.900000,20,68.084400
77.400000,20,30.706442
122.850000,20,59.693262
123.450000,20,64.084916
116.600000,20,71.009574
116.500000,20,73.554205
117.900000,20,65.108298
117.650000,20,65.728750
115.650000,20,74.545176
116.800000,20,98.975822
76.300000,20,43.422721
117.050000,20,96.433440
123.050000,20,71.904765
117.250000,20,68.170034
123.000000,20,59.990765
116.650000,20,68.819154
117.400000,20,66.379669
116.550000,20,67.822751
123.350000,20,63.036682
74.700000,20,28.796439
76.650000,20,36.427952
76.850000,20,42.214788
121.900000,20,94.906983
75.350000,20,54.258170
75.500000,20,51.973583
121.550000,20,87.188859
77.100000,20,43.491266
78.300000,20,39.418117
116.850000,20,72.065840
76.400000,20,29.936584
116.800000,20,70.409103
74.850000,20,32.669233
116.450000,20,69.771635
116.400000,20,67.230528
74.150000,20,26.048998
76.000000,20,27.724396
123.250000,20,61.022956
116.050000,20,66.189929
123.300000,20,64.596368
76.000000,20,37.616742
117.650000,20,91.595606
76.650000,20,47.598663
76.150000,20,49.259616
76.250000,20,45.612745
75.250000,20,36.871841
76.700000,20,37.379659
75.950000,20,31.763129
116.650000,20,68.292461
121.650000,20,63.030465
75.100000,20,30.511253
77.450000,20,33.142019
121.550000,20,61.755899
76.600000,20,32.724057
122.050000,20,61.997713
117.550000,20,70.494680
76.600000,20,38.143340
75.550000,20,38.886591
76.100000,20,45.918968
76.050000,20,29.946417
121.550000,20,61.692376
79.450000,20,35.918052
75.800000,20,31.396458
76.750000,20,32.433736
122.500000,20,63.160555
79.000000,20,40.382925
121.100000,20,62.363594
116.250000,20,64.526501
76.550000,20,32.006713
117.400000,20,72.130852
76.250000,20,36.042131
116.750000,20,95.140805
76.700000,20,49.213693
116.250000,20,97.064509
76.650000,20,38.963096
117.600000,20,75.559782
77.900000,20,39.123846
118.050000,20,68.712640
121.900000,20,62.349042
77.000000,20,34.392410
117.100000,20,65.993519
75.600000,20,30.331015
117.450000,20,68.756157
116.550000,20,77.728640
77.350000,20,44.084316
117.150000,20,107.144951
77.650000,20,59.150599
121.950000,20,93.259343
76.450000,20,28.911056
77.850000,20,32.002607
121.800000,20,62.102872
78.550000,20,36.329607
117.350000,20,82.273492
116.800000,20,63.534264
76.300000,20,31.081678
75.300000,20,28.123606
75.850000,20,31.441908
121.650000,20,62.729099
76.200000,20,33.329729
123.000000,20,70.853113
76.300000,20,42.660224
76.000000,20,44.717853
121.950000,20,94.017776
121.700000,20,83.606676
123.000000,20,68.388323
122.150000,20,63.059361
117.150000,20,72.738783
116.000000,20,63.696336
76.400000,20,30.121517
76.650000,20,34.351197
116.650000,20,67.196851
75.900000,20,30.578351
76.950000,20,33.389039
123.150000,20,68.627676
117.250000,20,98.984695
76.300000,20,56.955495
116.850000,20,114.890542
75.500000,20,27.835680
75.450000,20,27.182375
78.050000,20,32.730358
75.350000,20,29.486556
115.600000,20,62.609396
123.000000,20,59.435766
114.950000,20,67.796462
77.150000,20,31.582502
117.700000,20,68.410432
73.700000,20,26.459406
116.250000,20,68.204220
76.500000,20,35.485995
116.800000,20,90.521420
116.350000,20,96.623208
121.550000,20,84.202010
121.700000,20,73.791168
76.050000,20,34.183027
75.700000,20,32.067914
76.200000,20,30.866694
116.700000,20,68.450003
75.700000,20,27.863973
115.700000,20,71.531861
117.500000,20,65.748406
117.500000,20,72.643273
116.150000,20,71.432742
78.050000,20,47.852332
77.150000,20,53.531945
120.300000,10,28.190238
116.450000,20,124.557352
115.950000,20,65.363359
76.000000,20,30.201442
117.600000,20,68.816501
74.250000,20,32.378358
78.850000,20,33.838150
117.350000,20,74.023543
121.650000,20,61.971781
75.550000,20,27.674805
117.250000,20,64.830316
121.900000,20,66.725549
75.500000,20,35.852916
75.600000,20,39.172957
117.500000,20,100.170724
123.450000,20,90.130496
123.000000,20,70.955287
117.300000,20,72.574599
78.900000,20,37.566925
121.350000,20,63.453025
79.650000,20,37.832686
122.050000,20,62.525096
117.850000,20,67.617312
116.600000,20,69.409668
122.050000,20,67.555435
116.550000,20,92.341319
75.800000,20,56.882939
79.450000,20,69.266756
76.900000,20,55.554094
116.200000,20,85.348033
75.300000,20,33.640486
121.950000,20,62.760106
76.100000,20,29.733708
78.900000,20,36.086775
116.000000,20,67.979113
76.350000,20,31.594031
75.000000,20,27.846160
75.300000,20,27.924556
116.450000,20,66.834668
116.100000,20,63.554282
123.200000,20,65.310277
117.550000,20,76.981050
116.450000,20,88.344812
116.750000,20,98.356189
76.900000,20,44.526486
74.900000,20,35.765023
76.450000,20,36.250905
115.650000,20,69.943553
74.450000,20,29.316340
75.150000,20,27.632971
75.750000,20,29.803756
116.800000,20,65.590799
116.500000,20,72.351412
115.400000,20,65.107007
77.100000,20,31.955827
77.850000,20,35.953925
114.900000,20,74.712983
116.650000,20,95.769311
75.650000,20,54.429957
117.400000,20,118.841563
74.800000,20,49.591245
76.700000,20,61.170556
116.250000,20,107.559255
76.050000,20,36.104404
122.900000,20,67.420089
117.800000,20,72.822593
116.950000,20,64.475356
77.250000,20,32.997487
121.850000,20,61.233892
75.900000,20,32.197679
76.400000,20,33.011355
117.100000,20,85.936442
121.000000,20,99.741436
76.900000,20,46.508592
115.600000,20,86.781307
377.333333,3,21.566393
118.800000,20,68.289033
75.750000,20,29.315841
77.000000,20,32.873316
74.950000,20,32.657330
77.900000,20,30.799969
116.250000,20,65.622270
76.350000,20,30.277785
76.300000,20,31.803035
76.750000,20,34.085012
121.900000,20,70.100536
116.150000,20,90.328916
119.350000,20,83.607758
76.100000,20,39.159617
76.400000,20,50.910599
77.150000,20,42.778930
116.250000,20,81.291730
76.600000,20,31.771856
116.200000,20,66.976423
116.300000,20,71.356633
75.300000,20,29.655849
116.500000,20,80.401744
116.200000,20,82.156811
117.000000,20,102.695683
75.450000,20,43.881639
115.350000,20,83.966475
115.950000,20,73.323603
116.550000,20,68.727343
122.950000,20,59.399651
76.000000,20,29.942302
76.600000,20,32.149756
77.300000,20,32.922884
117.200000,20,67.102312
75.350000,20,31.163054
123.050000,20,72.033909
116.950000,20,85.562303
123.050000,20,83.747967
78.750000,20,47.288281
117.100000,20,83.051816
121.800000,20,70.372586
121.150000,20,66.156084
116.100000,20,73.886070
73.700000,20,27.964083
117.900000,20,104.700362
76.200000,20,35.220456
121.850000,20,65.672545
77.200000,20,30.917514
123.250000,20,61.997944
119.900000,20,85.710331
80.300000,20,41.518382
123.050000,20,72.112388
75.350000,20,39.197720
77.300000,20,56.702625
75.300000,20,40.913217
117.700000,20,95.990921
76.250000,20,39.758668
78.350000,20,39.993162
75.150000,20,29.291642
79.200000,20,35.359181
121.600000,20,63.424656
74.800000,20,26.882642
117.700000,20,67.521544
75.350000,20,28.759523
76.700000,20,31.602882
115.650000,20,68.408292
117.450000,20,79.597876
123.277778,18,63.722926
75.500000,20,39.051620
116.550000,20,91.742494
78.000000,20,46.057317
76.000000,20,36.603853
116.750000,20,71.110947
78.500000,20,48.559642
76.750000,20,39.508044
116.050000,20,76.458899
77.500000,20,33.637488
121.750000,20,62.129260
75.300000,20,27.587547
116.800000,20,68.095436
76.900000,20,31.216371
76.350000,20,36.630993
77.100000,20,39.931387
76.250000,20,40.682872
79.150000,20,57.406259
117.300000,20,101.471206
75.500000,20,39.257874
116.550000,20,77.418175
76.450000,20,32.613704
74.900000,20,30.776069
121.650000,20,62.465582
75.950000,20,28.223795
116.550000,20,65.860509
75.800000,20,29.923153
121.950000,20,63.546308
121.650000,20,67.192014
75.950000,20,34.946847
78.400000,20,43.570797
79.200000,20,48.128746
116.900000,20,94.420577
121.900000,20,79.340878
74.100000,20,29.923502
75.150000,20,41.316673
75.700000,20,37.050675
75.600000,20,34.336218
121.700000,20,65.843881
74.100000,20,25.616356
116.050000,20,67.874961
114.950000,20,65.775527
121.750000,20,65.131014
122.900000,20,71.559106
76.550000,20,43.302059
75.250000,20,41.820012
75.150000,20,45.460645
122.950000,20,89.482745
123.600000,20,73.222776
74.650000,20,30.498749
116.550000,20,71.669452
115.850000,20,65.026325
117.450000,20,66.150132
116.750000,20,67.865084
75.500000,20,30.716579
76.100000,20,31.077090
75.350000,20,32.580502
76.750000,20,36.388676
75.200000,20,36.901174
117.250000,20,88.744925
74.100000,20,34.866886
76.300000,20,39.089465
116.100000,20,81.442514
121.700000,20,72.101745
76.350000,20,37.783938
76.250000,20,37.352831
76.850000,20,32.134210
75.900000,20,31.724648
116.850000,20,67.212636
116.150000,20,63.627506
76.800000,20,31.132145
116.400000,20,71.152277
75.450000,20,35.514542
116.150000,20,89.681455
117.100000,20,99.238598
122.850000,20,82.283655
116.400000,20,75.817899
121.650000,20,63.996091
77.100000,20,39.896822
76.150000,20,29.286246
75.750000,20,28.179032
117.050000,20,65.902161
75.100000,20,27.232469
117.000000,20,68.438584
75.000000,20,30.884717
117.300000,20,83.869250
121.950000,20,84.037347
75.950000,20,40.400214
76.100000,20,39.997444
121.700000,20,78.772812
76.350000,20,35.897490
76.650000,20,35.791565
117.350000,20,71.719328
117.000000,20,69.151987
77.750000,20,33.444937
75.350000,20,29.720535
77.600000,20,34.249665
76.500000,20,30.729813
116.050000,20,68.330797
76.850000,20,35.552478
75.850000,20,33.965702
76.800000,20,40.610912
115.200000,20,89.428638
75.000000,20,40.715373
116.950000,20,89.187806
74.950000,20,36.148517
116.300000,20,73.922981
78.350000,20,36.790159
121.600000,20,61.308707
75.250000,20,26.377639
77.100000,20,32.349121
74.900000,20,30.081635
115.550000,20,71.564446
78.000000,20,35.958826
116.750000,20,76.851087
76.350000,20,38.017102
76.700000,20,41.121082
73.850000,20,36.419537
78.250000,20,54.433778
77.600000,20,43.110765
121.600000,20,78.585146
116.450000,20,76.187174
74.200000,20,27.140492
121.550000,20,62.097106
76.800000,20,33.177491
76.950000,20,32.128265
116.950000,20,73.171551
76.800000,20,40.107969
115.600000,20,97.616317
117.350000,20,94.305439
76.800000,20,44.544004
116.600000,20,80.069995
116.250000,20,67.381993
116.550000,20,67.977179
117.000000,20,65.194103
116.600000,20,65.143900
117.800000,20,65.980300
76.600000,20,32.327678
121.900000,20,73.162726
76.800000,20,41.810487
115.550000,20,90.171554
75.100000,20,37.160162
75.600000,20,40.773958
74.350000,20,32.290497
116.450000,20,78.072553
116.450000,20,73.628301
76.350000,20,31.489920
115.950000,20,66.434667
75.300000,20,30.136379
76.250000,20,32.549225
77.450000,20,36.339720
117.750000,20,84.122964
75.100000,20,32.220619
116.550000,20,74.510500
116.850000,20,71.862789
116.150000,20,69.945095
117.000000,20,74.221739
77.850000,20,36.586193
117.150000,20,73.735559
116.450000,20,80.138887
77.300000,20,40.982290
116.750000,20,83.139509
117.000000,20,78.853782
75.550000,20,35.495148
80.200000,20,42.315094
74.700000,20,31.185054
78.000000,20,37.698360
77.350000,20,35.170263
115.750000,20,71.701835
121.750000,20,66.481384
117.050000,20,75.532479
122.050000,20,70.840795
121.300000,20,71.033764
122.050000,20,73.187364
77.100000,20,37.821831
77.250000,20,38.250344
117.000000,20,80.343621
117.700000,20,77.459757
121.450000,20,79.204564
116.400000,20,79.012439
76.850000,20,36.158298
75.900000,20,36.124099
116.050000,20,70.866797
76.200000,20,31.598526
76.450000,20,32.493027
116.750000,20,70.381733
74.650000,20,29.469148
122.000000,20,69.491279
74.950000,20,32.222092
79.100000,20,42.238873
121.300000,20,75.518680
76.200000,20,38.013670
75.700000,20,38.107727
77.250000,20,40.201011
115.550000,20,77.054215
76.050000,20,33.936991
117.550000,20,77.221492
79.350000,20,38.543567
115.450000,20,70.410751
77.950000,20,36.591525
77.050000,20,36.123111
76.950000,20,36.751281
116.650000,20,74.568969
75.850000,20,35.316147
121.850000,20,72.433330
118.150000,20,78.935780
117.454545,11,21.226495
117.050000,20,79.341275
75.600000,20,35.657567
116.300000,20,70.381995
75.600000,20,28.512020
77.900000,20,36.660395
121.250000,20,66.920069
76.150000,20,34.085731
74.850000,20,29.229142
76.500000,20,33.697410
121.850000,20,69.531888
122.250000,20,87.538933
116.100000,20,82.324030
115.900000,20,75.177387
123.250000,20,87.272920
119.950000,20,69.369261
76.750000,20,33.590220
115.800000,20,71.650016
76.950000,20,34.111113
77.050000,20,34.109077
75.050000,20,31.862656
117.400000,20,74.463520
121.550000,20,94.895942
76.550000,20,37.406613
116.950000,20,79.741491
115.750000,20,81.558695
121.950000,20,73.563552
74.600000,20,30.211500
116.700000,20,75.717287
76.650000,20,34.174828
76.100000,20,33.061241
121.750000,20,66.349880
75.600000,20,35.104851
77.200000,20,33.211710
75.500000,20,30.958450
76.250000,20,30.902313
119.750000,20,65.076001
75.600000,20,31.250398
121.450000,20,67.224267
74.950000,20,33.716974
74.300000,20,35.093071
74.250000,20,32.596473
116.250000,20,77.905308
75.800000,20,35.397177
117.900000,20,81.747377
116.550000,20,75.402858
116.800000,20,75.571310
116.250000,20,70.257869
115.050000,20,74.423229
121.150000,20,96.015545
116.500000,20,71.741884
116.300000,20,74.631458
117.550000,20,81.995177
116.400000,20,80.554642
121.750000,20,74.722400
77.250000,20,38.203577
75.350000,20,31.535111
115.800000,20,75.964195
75.800000,20,38.779364
75.400000,20,35.014446
123.000000,20,65.572182
74.500000,20,32.386717
77.600000,20,38.607242
117.200000,20,70.956260
116.850000,20,69.487139
116.900000,20,77.949557
121.800000,20,70.913241
122.500000,20,77.018414
77.900000,20,38.832493
74.900000,20,38.555670
77.200000,20,39.072670
76.700000,20,35.085351
116.500000,20,77.789215
77.200000,20,38.756579
117.200000,20,74.519569
78.300000,20,36.435877
75.200000,20,29.235658
76.000000,20,31.996789
116.200000,20,86.393825
76.450000,20,33.955715
77.600000,5,2.271869
116.400000,20,72.022650
74.550000,20,30.418774
76.900000,20,35.578940
117.150000,20,75.560124
116.050000,20,76.937165
76.550000,20,37.995885
77.850000,20,36.636065
116.650000,20,74.659600
76.600000,20,35.754796
121.700000,20,64.310480
75.950000,20,29.368761
116.400000,20,69.060004
75.200000,20,29.129196
121.650000,20,69.235349
117.800000,20,79.291852
76.600000,20,41.149512
76.650000,20,37.377648
116.300000,20,87.226789
74.550000,20,34.136730
121.850000,20,72.243428
121.750000,20,69.897779
115.700000,20,69.815201
75.650000,20,32.486811
77.900000,20,35.250765
116.200000,20,73.027569
116.250000,20,71.190485
116.250000,20,77.571239
116.950000,20,81.514255
75.800000,20,35.545752
73.850000,20,29.746846
75.050000,20,36.408265
117.650000,20,77.717411
121.250000,20,69.019203
76.600000,20,34.834351
121.800000,20,69.864424
75.600000,20,32.730047
123.200000,20,67.285455
121.300000,20,67.394925
76.000000,20,33.397089
76.100000,20,32.478261
114.300000,20,75.805291
77.050000,20,36.830006
117.400000,20,83.174228
121.650000,20,73.263793
75.900000,20,41.070571
116.300000,20,84.607149
116.450000,20,77.384392
116.650000,20,71.424810
75.750000,20,32.274252
76.100000,20,34.231015
117.100000,20,71.108011
75.950000,20,31.835003
121.950000,20,67.613456
75.700000,20,32.673718
77.700000,20,36.606491
116.950000,20,74.040587
75.550000,20,33.777816
78.100000,20,42.441627
75.450000,20,34.068759
115.150000,20,74.621142
78.300000,20,39.843389
116.350000,20,77.424502
116.650000,20,69.929733
79.200000,20,40.022425
116.550000,20,74.934037
117.400000,20,73.369953
76.550000,20,35.332355
77.100000,20,36.631472
75.300000,20,32.674249
116.900000,20,77.840550
121.450000,20,76.911177
76.300000,20,37.604339
116.600000,20,83.785707
76.300000,20,39.216751
121.050000,20,80.458044
75.400000,20,35.578756
74.750000,20,31.502602
115.950000,20,71.125112
77.550000,20,33.923568
75.250000,20,33.702152
76.650000,20,34.219227
113.900000,20,67.782647
122.100000,20,68.873437
116.300000,20,72.591183
116.600000,20,76.625323
117.250000,20,77.081365
115.900000,20,77.135781
116.350000,20,77.899744
121.950000,20,70.304891
75.500000,20,32.762473
74.300000,20,31.496225
79.450000,20,39.571017
75.500000,20,33.291850
123.400000,20,67.865823
75.300000,20,31.315245
121.450000,20,68.295329
76.500000,20,37.857171
74.900000,20,32.577632
117.000000,20,73.699929
117.100000,20,73.397788
74.700000,20,30.242793
77.050000,20,37.583967
76.900000,20,35.114718
116.700000,20,73.225988
116.050000,20,73.159951
123.100000,20,71.493817
76.650000,20,36.458768
75.500000,20,35.413782
123.050000,20,71.249069
75.700000,20,35.530259
75.950000,20,34.710474
76.250000,20,33.891704
74.350000,20,29.515295
117.150000,20,74.321842
76.000000,20,30.811894
121.850000,20,68.344559
123.100000,20,64.541568
116.800000,20,73.969645
76.700000,20,33.315436
77.800000,20,37.734524
116.050000,20,72.273963
116.050000,20,76.374239
116.600000,20,68.723046
115.200000,20,68.023556
121.600000,20,60.738805
122.950000,20,66.860872
117.050000,20,74.503036
115.350000,20,74.703133
76.300000,20,35.982568
117.500000,20,69.192786
117.600000,20,73.009909
116.650000,20,77.309788
121.450000,20,71.653248
116.650000,20,76.109865
116.650000,20,79.368288
116.800000,20,80.007328
121.850000,20,66.897564
75.000000,20,31.483162
75.550000,20,30.647903
77.250000,20,35.115606
77.050000,20,35.089755
77.450000,20,35.176942
115.250000,20,70.666446
117.150000,20,74.574256
74.200000,20,31.421089
74.750000,20,30.784909
77.700000,20,38.463053
78.500000,20,40.636815
75.000000,20,29.178456
115.700000,20,63.858141
75.950000,20,31.985286
116.850000,20,55.586159
116.000000,20,52.932490
77.200000,20,21.599869
117.200000,20,70.680773
121.100000,20,66.893387
116.650000,20,78.864383
121.700000,20,70.838597
119.100000,20,74.886212
74.950000,20,36.029124
116.750000,20,78.341567
74.900000,20,34.940070
121.500000,20,69.453337
116.200000,20,76.290799
116.400000,20,75.070045
75.250000,20,29.380689
122.200000,20,68.768216
122.050000,20,68.762221
76.500000,20,37.321178
115.600000,20,74.988973
77.550000,20,37.328746
75.700000,20,34.187095
117.500000,20,73.552028
74.250000,20,26.715312
76.200000,20,30.442209
76.750000,20,31.016735
123.000000,20,55.492852
116.550000,20,55.285298
75.050000,20,23.497833
77.400000,20,20.894347
76.650000,20,19.082519
122.050000,20,35.391937
122.000000,20,34.401686
116.600000,20,68.991076
120.400000,20,75.017705
75.200000,20,32.812341
78.450000,20,37.898813
116.350000,20,72.388737
77.700000,20,39.368629
75.700000,20,33.567771
76.650000,20,39.754000
121.850000,20,73.509227
115.400000,20,75.047595
116.850000,20,74.196617
75.700000,20,30.953120
117.950000,20,70.884655
117.800000,20,75.857585
116.650000,20,74.329473
121.600000,20,68.082510
76.200000,20,34.750860
116.450000,20,75.144718
117.500000,20,70.891332
115.800000,20,67.527351
76.950000,20,33.680466
117.450000,20,60.434919
79.400000,20,30.497672
75.850000,20,26.302754
117.250000,20,51.768079
117.450000,20,40.693558
115.600000,20,37.305278
123.300000,20,34.379496
76.300000,20,18.866744
77.200000,20,35.427748
75.950000,20,31.304714
75.400000,20,30.341076
117.550000,20,74.119627
74.400000,20,30.864235
76.300000,20,32.986676
117.050000,20,77.929887
76.150000,20,33.783901
116.700000,20,82.986863
75.300000,20,33.930063
116.200000,20,74.248514
75.150000,20,32.145968
123.050000,20,70.118172
73.550000,20,28.760318
121.800000,20,66.503031
116.350000,20,74.192573
77.450000,20,38.476120
117.200000,20,76.700426
78.100000,20,42.804650
76.950000,20,36.548745
116.600000,20,73.186640
76.050000,20,34.025048
78.750000,20,34.484515
121.700000,20,61.848106
75.800000,20,29.979307
76.500000,20,30.811637
76.600000,20,26.461277
76.550000,20,28.855496
121.550000,20,50.723164
76.050000,20,34.274674
76.400000,20,36.272697
123.500000,20,100.705519
116.300000,20,75.681103
116.500000,20,79.593593
116.750000,20,76.461199
76.350000,20,34.485132
76.250000,20,33.470675
76.100000,20,33.471719
76.500000,20,33.806409
77.150000,20,35.956776
76.450000,20,31.977276
76.750000,20,32.261884
77.300000,20,35.228936
75.650000,20,32.529307
115.650000,20,70.482826
121.700000,20,68.089483
77.400000,20,36.345952
116.550000,20,75.411419
75.150000,20,34.913715
75.800000,20,36.735301
77.000000,20,33.648949
77.550000,20,34.722030
79.600000,20,35.217875
78.900000,20,36.487298
75.800000,20,31.211655
76.000000,20,28.140264
75.200000,20,24.182466
115.950000,20,59.999348
121.900000,20,68.331658
77.200000,20,37.781662
122.900000,20,70.886895
115.650000,20,77.049396
121.450000,20,72.369143
121.850000,20,69.685643
121.650000,20,68.491656
117.200000,20,71.624539
116.800000,20,73.876397
115.550000,20,73.061781
75.500000,20,33.469873
76.450000,20,33.043772
116.600000,20,75.928403
116.600000,20,75.732650
116.550000,20,74.768637
115.800000,20,67.725798
116.100000,20,71.586940
76.100000,20,33.559958
77.300000,20,29.197384
78.400000,20,29.474405
76.150000,20,28.079861
117.450000,20,43.767491
116.450000,20,41.676754
74.400000,20,15.082768
74.950000,20,14.684235
76.500000,20,18.173886
121.600000,20,31.887048
75.100000,20,16.188570
116.100000,20,34.396918
76.950000,20,38.362910
75.300000,20,37.358966
117.250000,20,78.021342
116.350000,20,75.469908
121.950000,20,70.182540
77.900000,20,40.878451
77.500000,20,37.913960
116.900000,20,73.966912
121.368421,19,66.435682
76.600000,20,31.416611
77.300000,20,35.647454
116.250000,20,71.037525
76.200000,20,34.781130
116.100000,20,72.148970
76.400000,20,35.333818
76.450000,20,36.715592
77.650000,20,39.542460
75.550000,20,33.960821
