93.625000,8,6.500076
77.500000,6,1.968411
81.000000,2,0.382108
115.800000,20,69.261635
58.300000,10,3.456413
51.187500,16,6.245861
74.000000,3,0.615852
145.500000,2,1.084977
306.937500,16,282.203034
46.000000,4,0.349854
78.000000,8,3.447664
100.000000,2,0.524426
151.000000,6,7.566014
82.000000,2,0.343207
72.666667,6,1.738390
82.000000,2,0.367881
74.000000,2,0.345043
56.000000,2,0.193255
110.000000,11,15.421305
36.000000,9,0.952257
133.000000,2,0.889314
86.222222,9,6.507374
56.666667,3,0.392620
36.333333,3,0.175279
80.000000,2,0.407847
59.000000,2,0.314215
84.000000,3,0.691922
84.333333,6,2.300562
70.000000,8,2.689662
74.000000,2,0.290086
82.000000,3,0.671127
83.000000,3,0.758287
98.000000,4,1.797735
69.333333,3,0.572237
83.333333,3,0.684777
79.500000,2,0.359077
53.363636,11,3.200840
317.352941,17,719.026137
150.000000,3,2.490452
35.000000,5,0.359159
58.000000,2,0.245093
102.500000,2,0.598095
95.000000,14,20.210958
60.000000,2,0.282468
90.166667,6,2.735013
86.411765,17,20.994346
72.000000,4,0.898792
68.000000,2,0.259021
67.000000,2,0.250276
106.000000,12,15.679684
68.333333,3,0.487016
83.000000,2,0.368944
79.500000,2,0.349072
88.000000,2,0.464501
85.000000,2,0.428781
96.000000,5,2.818825
74.000000,2,0.303897
90.000000,2,0.440856
117.000000,2,0.877929
70.500000,2,0.281151
75.357143,14,10.234952
100.428571,7,5.352119
64.000000,2,0.235499
82.600000,5,2.024346
106.400000,5,2.743284
89.000000,2,0.421148
89.000000,3,0.816457
82.250000,8,5.718667
185.000000,3,3.819595
87.000000,3,0.818308
66.250000,4,0.762483
86.000000,12,9.411422
98.750000,4,1.571336
43.000000,4,0.337717
183.125000,8,24.369461
94.250000,4,1.479140
61.000000,2,0.211137
173.000000,3,3.312986
40.000000,3,0.205962
73.000000,2,0.308245
137.000000,5,4.616914
174.833333,12,69.002755
77.000000,2,0.307990
93.000000,2,0.489994
103.857143,7,5.633061
91.000000,5,2.441675
112.928571,14,23.842976
84.600000,5,1.624553
73.000000,2,0.303891
77.333333,3,0.593979
73.000000,2,0.320322
56.750000,4,0.518458
84.052632,19,26.993862
65.166667,6,1.567416
95.666667,3,0.924801
80.600000,5,1.512083
72.000000,2,0.296669
91.333333,3,0.796897
154.833333,6,9.051491
76.666667,3,0.721323
75.000000,2,0.316197
81.500000,4,1.283579
172.000000,2,1.714247
68.000000,2,0.289090
75.666667,3,0.686572
79.000000,2,0.356925
175.500000,2,1.958452
139.625000,8,11.357951
81.500000,2,0.357788
117.000000,3,1.673644
173.000000,2,1.649881
27.000000,2,0.092876
29.000000,3,0.161305
121.333333,6,5.835335
139.500000,16,62.644068
40.000000,4,0.299914
72.000000,2,0.290123
96.000000,2,0.506532
86.000000,3,0.759459
72.000000,4,0.814397
71.000000,2,0.305518
84.000000,3,0.715554
64.000000,6,1.402250
94.714286,7,4.863511
77.600000,5,1.385585
75.200000,20,24.188453
141.000000,4,3.648095
316.000000,2,4.489850
80.333333,3,0.712672
168.000000,2,1.381175
63.000000,2,0.294471
75.000000,3,0.592479
75.000000,4,0.885499
114.750000,4,2.287787
70.000000,2,0.288586
181.000000,2,1.510765
83.857143,7,4.019882
84.000000,2,0.392447
148.000000,7,9.996572
74.000000,2,0.304404
168.000000,4,4.371477
83.000000,3,0.848536
99.333333,3,1.578279
194.500000,4,6.467375
80.222222,9,4.352624
106.000000,2,0.605373
79.000000,2,0.359921
86.625000,8,5.634492
132.500000,2,1.253099
53.142857,7,1.438745
120.500000,2,0.812727
81.000000,2,0.369991
141.000000,17,95.484826
52.000000,4,0.481764
94.333333,3,0.961325
68.400000,5,1.139331
108.500000,4,1.897364
63.000000,3,0.418792
117.000000,7,6.092326
195.000000,5,9.608032
81.000000,2,0.371916
79.700000,20,26.867973
54.250000,4,0.505051
142.000000,2,1.017205
37.000000,2,0.113313
61.000000,2,0.219393
87.000000,8,4.785476
76.000000,2,0.330232
82.666667,6,2.509698
101.250000,4,1.839005
110.300000,10,16.158207
130.000000,3,1.858380
147.000000,3,2.329518
61.000000,2,0.215707
75.000000,3,0.547477
70.666667,6,1.566428
88.000000,4,1.274588
108.000000,5,2.996850
58.000000,2,0.319747
114.000000,2,0.723878
74.000000,2,0.305446
36.000000,3,0.179276
61.000000,2,0.220827
71.000000,2,0.302331
76.000000,2,0.313241
97.750000,4,1.534275
86.000000,2,0.401334
164.600000,5,7.003732
22.000000,2,0.084685
94.500000,2,0.483640
238.333333,9,40.324619
130.363636,11,21.566550
145.250000,4,3.512078
160.000000,7,14.997536
49.000000,10,2.121165
106.000000,7,6.511132
81.500000,6,2.635149
85.600000,5,1.722099
134.666667,3,1.890329
109.000000,10,12.495215
86.000000,2,0.450100
104.333333,3,1.158057
99.142857,7,5.086895
100.000000,2,0.519639
425.666667,3,12.713588
144.250000,20,141.532600
62.000000,2,0.227932
92.600000,5,3.498516
86.000000,2,0.404209
96.000000,4,1.842408
138.875000,16,78.250588
102.000000,4,1.793164
304.000000,3,7.652169
120.500000,2,0.914796
79.000000,2,0.350387
77.000000,2,0.336478
100.250000,4,1.602199
123.357143,14,32.758823
89.000000,2,0.445644
255.333333,3,6.200333
61.000000,2,0.225283
61.600000,5,0.908932
158.857143,14,46.019389
123.571429,7,8.495553
71.000000,2,0.335029
87.000000,2,0.414533
132.500000,4,3.032073
98.000000,7,4.047518
118.071429,14,31.905554
97.000000,5,2.146341
78.500000,2,0.366752
164.400000,5,10.516661
78.333333,6,2.301152
76.000000,2,0.318631
85.000000,4,1.312053
94.000000,2,0.478235
77.000000,3,0.637625
85.500000,4,1.244021
57.769231,13,10.025431
351.666667,3,13.151276
72.000000,2,0.279382
57.000000,5,0.993055
62.750000,4,0.786702
135.642857,14,39.498546
73.500000,10,5.096555
61.000000,2,0.479955
95.000000,3,1.110995
69.000000,2,0.313127
83.000000,3,0.696061
68.000000,2,0.261329
97.285714,14,19.472569
152.500000,6,13.173126
82.500000,2,0.380462
43.200000,10,1.655739
76.666667,6,1.935146
88.500000,4,1.242981
101.000000,5,2.353546
57.666667,6,1.292694
94.666667,3,1.076592
84.000000,5,1.785914
124.000000,5,3.512925
198.000000,5,9.522880
92.000000,15,19.530616
78.000000,2,0.356932
61.400000,5,0.924108
130.333333,6,6.685930
83.375000,8,4.907951
128.000000,2,1.410461
122.000000,2,0.782566
149.500000,2,1.361397
70.461538,13,7.533897
96.000000,13,20.719729
79.000000,2,0.428833
74.916667,12,7.479899
70.800000,5,1.140636
93.500000,4,1.423307
148.500000,16,69.536596
78.500000,6,2.239563
66.000000,2,0.273507
88.000000,2,0.472239
114.944444,18,53.400239
68.333333,3,0.587487
80.500000,2,0.355193
90.555556,9,5.890136
172.000000,2,1.515541
102.470588,17,32.996908
118.200000,10,15.556622
69.000000,2,0.272388
102.666667,3,1.022521
228.000000,3,4.514350
160.000000,3,2.669528
130.600000,5,4.612125
56.000000,2,0.183903
84.588235,17,21.486130
57.000000,2,0.588908
67.000000,2,0.303720
51.000000,2,0.205537
74.941176,17,16.702829
56.000000,4,0.557260
396.000000,3,11.013914
80.250000,4,1.054453
90.875000,8,6.016748
93.666667,6,3.611703
115.000000,12,18.095148
88.500000,2,0.438120
55.333333,3,0.393254
46.333333,3,0.305641
84.800000,5,1.755682
36.750000,4,0.272734
368.937500,16,317.886180
80.400000,10,6.105592
67.846154,13,6.749913
72.000000,3,0.522256
113.000000,2,0.672987
49.000000,2,0.159022
67.000000,2,0.251529
77.333333,3,0.613406
71.250000,4,0.850703
83.500000,4,1.182788
76.000000,2,0.325003
179.500000,2,1.567331
76.000000,2,0.349074
132.444444,9,16.507323
54.000000,4,0.518507
67.500000,2,0.265280
85.250000,20,29.736441
144.000000,3,2.447975
104.000000,2,0.642509
91.222222,18,26.523598
33.000000,4,0.223220
145.500000,8,13.092753
69.250000,4,0.912891
70.000000,2,0.282471
99.500000,4,2.243618
65.500000,2,0.276851
86.000000,3,0.886977
65.000000,19,15.400662
94.000000,8,6.063514
105.133333,15,41.578743
205.000000,5,9.384417
247.066667,15,140.256929
83.000000,2,0.419196
144.000000,5,4.968632
71.000000,2,0.535829
80.000000,3,0.737366
314.750000,4,14.519755
50.000000,2,0.165891
136.000000,2,0.857845
90.500000,2,0.459118
94.857143,7,6.089412
199.666667,6,14.168335
151.428571,7,11.111314
213.000000,2,2.342954
90.666667,3,1.081612
88.000000,2,0.476397
78.000000,2,0.339037
88.166667,6,2.855589
97.000000,3,0.953238
118.666667,3,2.052023
88.500000,2,0.449181
68.000000,4,0.767752
103.615385,13,18.772066
65.000000,5,0.976781
119.000000,4,2.787141
93.687500,16,23.842955
210.000000,3,4.806739
88.500000,2,0.423938
21.000000,4,0.124575
59.000000,2,0.272441
90.666667,3,0.847248
109.500000,2,0.645354
74.000000,2,0.296573
76.000000,2,0.312716
138.538462,13,35.835482
116.375000,8,9.168047
113.800000,5,6.275338
209.000000,3,4.847270
93.000000,2,0.517637
79.666667,6,2.479196
67.000000,2,0.239349
77.000000,3,0.573864
65.000000,2,0.243688
222.000000,9,31.286884
133.714286,7,9.888786
97.000000,2,0.497464
135.444444,9,15.925192
99.666667,3,1.059504
79.750000,12,9.082918
60.000000,2,0.299114
74.000000,2,0.302919
139.222222,9,15.809303
80.000000,2,0.352022
97.000000,3,1.159769
81.750000,4,1.353838
100.000000,2,0.606035
143.000000,3,2.266398
273.333333,3,13.787195
83.666667,3,0.897720
100.333333,3,1.003384
97.750000,4,1.699817
119.000000,2,0.964010
86.666667,3,0.891099
323.666667,6,47.710859
72.636364,11,6.401962
61.500000,2,0.243176
162.700000,10,28.479279
81.000000,3,0.778500
25.000000,3,0.120442
335.727273,11,85.107076
71.000000,2,0.281579
66.666667,3,0.494153
109.333333,6,3.921514
38.000000,2,0.122795
78.666667,6,2.186977
103.000000,2,0.598930
104.833333,6,3.959301
149.333333,3,2.206463
67.500000,4,0.872864
80.500000,2,0.357101
79.941176,17,18.225084
96.400000,5,2.256261
60.857143,14,6.858223
59.000000,3,0.597875
60.250000,8,1.996689
58.000000,3,0.425922
65.000000,3,0.450670
148.631579,19,101.078746
37.000000,2,0.119136
79.300000,10,6.502441
36.000000,5,0.347956
114.428571,7,8.089413
87.000000,4,1.380430
92.000000,2,0.463036
210.200000,5,10.042057
88.714286,7,3.259250
63.000000,2,0.242948
68.800000,5,1.103592
75.000000,2,0.342408
83.600000,15,16.011959
93.000000,2,0.487311
124.692308,13,43.073511
234.562500,16,130.882806
64.000000,2,0.242063
76.000000,2,0.328661
98.000000,2,0.505765
76.055556,18,20.014371
98.666667,3,1.042022
263.588235,17,207.575407
86.000000,2,0.435462
73.800000,5,1.322727
59.500000,4,0.846473
165.000000,3,2.707986
74.400000,10,5.432795
192.000000,4,6.516014
65.300000,10,4.131889
108.166667,6,5.585973
137.000000,2,1.029483
83.500000,4,1.303788
93.333333,3,1.087780
74.600000,5,1.519943
86.000000,2,0.427291
130.500000,2,0.934427
94.850000,20,38.008818
64.750000,4,0.822389
107.500000,2,0.777620
146.333333,3,2.345550
97.000000,3,0.908820
95.000000,2,0.487864
111.000000,2,0.716506
92.052632,19,30.331685
88.923077,13,13.093458
78.000000,2,0.353688
93.666667,3,0.835170
73.333333,3,0.673108
68.000000,2,0.247483
93.500000,2,0.476966
270.666667,9,49.933805
89.000000,2,0.419459
159.250000,4,4.794983
108.750000,4,2.070627
58.250000,12,9.568204
133.500000,6,7.528060
83.250000,4,1.495872
236.684211,19,222.637641
157.777778,18,87.373319
126.000000,2,1.554674
88.307692,13,15.809484
78.500000,4,1.023315
69.700000,20,20.929433
99.062500,16,26.248797
58.500000,2,0.329830
88.000000,2,0.435936
60.000000,2,0.284137
64.800000,5,1.128820
60.000000,2,0.293964
135.333333,3,2.055964
112.000000,2,0.685573
69.916667,12,6.948363
83.000000,2,0.384776
73.800000,5,1.544525
72.500000,6,1.812123
23.000000,6,0.232538
118.000000,5,4.867115
65.000000,2,0.265988
77.000000,3,0.584073
110.666667,3,1.334272
80.000000,3,0.786810
286.529412,17,706.680391
61.866667,15,9.401777
76.500000,2,0.317075
149.200000,5,5.950524
60.000000,4,0.727269
148.062500,16,56.251570
84.000000,2,0.388831
79.000000,2,0.364101
94.850000,20,41.469423
68.000000,2,0.295691
86.000000,2,0.450096
58.500000,2,0.325030
85.363636,11,8.731327
58.000000,4,0.653773
80.333333,3,0.654437
99.000000,2,0.560995
67.300000,10,4.459016
100.285714,7,5.153442
141.230769,13,40.245558
88.250000,16,22.170000
73.200000,10,8.686969
317.750000,4,13.157215
211.400000,10,59.744218
132.000000,2,0.994903
30.000000,19,3.295251
110.000000,3,1.258119
169.000000,2,1.561929
30.000000,5,0.284892
81.000000,2,0.377480
130.500000,4,3.348161
145.400000,10,21.589825
440.333333,3,12.403235
111.000000,5,3.080553
146.818182,11,42.001582
82.583333,12,15.385726
270.800000,15,157.531901
108.500000,2,0.767021
134.000000,5,5.511626
74.500000,2,0.305890
94.857143,7,4.638702
55.214286,14,5.932872
37.000000,2,0.114083
111.933333,15,30.168247
338.375000,8,54.948982
83.000000,2,0.361066
63.500000,4,0.707508
64.000000,2,0.269384
90.250000,4,1.301854
462.000000,3,14.139302
75.000000,2,0.294873
85.266667,15,18.574930
67.000000,2,0.265701
116.444444,9,13.228831
68.000000,3,0.488755
150.000000,3,2.353212
75.583333,12,8.694878
116.400000,10,17.219949
74.000000,2,0.309795
87.666667,9,11.134580
97.000000,2,0.510945
98.600000,5,2.453519
96.000000,4,1.720227
90.083333,12,11.936985
300.500000,4,12.234026
83.000000,6,2.227070
98.857143,7,5.234115
66.666667,6,1.547685
91.000000,8,5.933242
65.666667,3,0.448523
167.571429,7,13.240179
97.500000,2,0.501503
108.500000,2,0.624951
74.000000,2,0.310698
59.000000,2,0.309402
76.846154,13,9.579470
93.500000,4,1.529377
104.200000,5,3.177252
96.000000,2,0.476255
408.100000,20,456.761000
76.857143,7,3.131733
85.000000,2,0.399118
81.000000,2,0.368400
103.700000,10,11.394456
80.000000,2,0.354402
62.000000,2,0.232657
85.000000,5,1.662118
198.000000,2,2.004770
84.000000,2,0.386529
279.500000,4,11.670289
94.200000,5,2.307302
57.000000,2,0.199788
68.000000,5,1.086417
65.000000,4,0.671476
55.500000,2,0.211443
92.727273,11,9.126875
70.000000,3,0.513887
177.357143,14,70.212236
109.000000,8,6.777237
149.666667,3,2.532992
112.500000,2,0.901716
65.500000,2,0.251289
55.000000,4,0.502411
86.000000,4,1.332036
277.764706,17,256.466352
67.846154,13,7.490821
62.000000,2,0.221598
161.000000,2,1.424395
79.000000,6,2.449079
183.500000,6,11.097535
56.000000,3,0.358453
70.600000,10,4.920193
25.000000,4,0.153125
145.000000,4,3.428791
101.750000,4,1.788197
98.800000,5,2.419331
76.428571,7,2.682174
21.000000,2,0.080487
96.000000,2,0.515444
76.750000,8,3.430166
91.000000,2,0.436952
86.000000,2,0.389027
56.000000,2,0.206658
123.500000,2,0.857440
107.500000,4,2.053603
63.666667,3,0.456707
29.000000,5,0.329561
119.000000,2,0.999651
135.500000,2,0.949252
88.153846,13,12.506573
81.000000,3,0.613389
73.230769,13,9.069372
79.000000,5,1.503226
112.750000,4,2.802971
98.500000,8,6.694687
98.000000,2,0.543468
71.000000,3,0.578115
55.857143,14,5.775995
255.000000,4,13.758340
67.500000,2,0.263333
86.750000,4,1.330653
71.615385,13,8.082383
94.000000,16,23.395755
81.800000,5,2.465307
92.333333,3,0.998265
87.333333,3,0.811317
103.200000,5,3.067546
274.000000,3,7.092297
368.333333,15,245.932967
50.500000,2,0.170035
74.000000,3,0.543449
98.000000,5,2.511068
75.000000,2,0.347270
193.222222,18,132.407134
88.500000,2,0.476190
99.750000,4,1.870356
68.062500,16,12.425309
133.000000,3,2.484225
151.250000,4,4.072814
78.400000,5,1.820001
89.833333,12,12.782959
114.000000,16,37.175573
47.000000,2,0.146820
53.200000,5,0.728410
170.750000,4,4.848417
82.000000,2,0.386564
77.500000,2,0.333584
90.000000,4,1.403790
84.000000,2,0.390251
67.000000,10,4.247581
55.833333,6,1.615966
74.500000,2,0.301938
122.000000,8,16.209968
109.500000,4,2.101028
126.500000,4,3.132331
341.625000,16,333.453813
76.500000,2,0.375378
64.600000,5,1.069959
80.500000,2,0.361597
80.062500,16,16.459860
88.000000,2,0.488270
122.000000,13,33.601716
205.250000,4,6.794944
138.000000,3,2.284844
138.000000,3,1.909904
87.666667,18,29.431170
80.000000,3,0.661404
86.000000,4,1.255488
97.000000,2,0.504488
80.666667,3,0.669587
38.000000,2,0.122743
67.500000,2,0.299885
70.000000,3,0.581516
91.666667,3,0.858598
31.000000,3,0.145406
53.000000,2,0.176644
227.750000,4,9.625775
55.600000,5,1.123397
80.000000,2,0.331380
102.350000,20,47.036809
65.000000,2,0.268272
87.000000,7,4.350607
77.500000,8,4.243309
192.500000,4,5.900661
79.000000,5,1.435336
87.800000,5,1.940564
118.000000,5,5.527767
136.000000,2,1.034395
102.000000,3,1.231751
110.000000,4,2.126411
104.500000,4,1.779234
104.785714,14,27.140646
91.000000,3,0.860434
87.400000,10,8.487519
66.000000,5,1.009239
160.000000,4,4.734311
91.000000,2,0.462761
98.416667,12,14.723329
84.000000,5,1.589601
95.000000,2,0.495761
78.000000,2,0.346061
151.666667,3,2.500184
309.800000,5,19.236855
132.666667,3,1.877971
94.538462,13,16.640829
85.666667,6,2.858654
74.125000,16,16.187060
53.000000,2,0.201868
113.076923,13,36.695773
62.666667,6,1.336045
135.307692,13,38.525690
168.750000,4,4.459919
70.250000,8,2.735106
106.400000,20,53.306050
78.000000,3,0.595644
73.750000,4,0.842219
70.571429,14,8.881283
66.875000,8,2.475115
116.000000,3,1.397423
69.000000,2,0.278414
224.250000,4,7.674605
71.400000,5,1.269222
80.375000,16,21.920541
96.500000,2,0.507654
311.100000,10,129.976889
108.666667,6,4.179474
311.666667,3,9.462349
74.600000,5,1.339103
84.000000,3,0.727534
64.600000,5,1.056097
74.090909,11,8.474271
97.666667,3,1.088286
37.000000,6,0.465544
127.400000,5,6.204321
96.500000,2,0.533935
210.000000,6,14.813781
82.000000,2,0.377193
107.500000,2,0.740043
145.285714,7,9.004653
76.000000,3,0.672112
52.000000,18,8.496223
417.000000,3,12.629005
104.000000,5,2.474070
197.600000,5,11.336966
95.750000,4,1.660776
69.000000,3,0.480836
199.000000,2,2.595867
111.000000,2,0.766338
52.500000,2,0.185777
102.400000,5,3.293279
91.454545,11,12.439797
74.200000,5,1.415341
262.000000,2,3.812905
74.000000,2,0.312083
121.750000,4,2.827710
115.800000,10,18.100347
108.692308,13,21.892300
100.000000,2,0.552321
87.500000,2,0.467813
112.500000,2,0.643458
46.300000,10,2.038904
131.000000,2,0.993615
89.600000,15,16.970557
81.000000,2,0.407764
98.333333,3,1.034376
88.400000,15,19.495406
91.000000,3,0.881355
298.666667,9,60.965991
78.000000,2,0.348816
37.000000,5,0.361006
251.000000,3,5.735934
100.736842,19,46.948041
144.750000,4,3.698943
74.500000,4,0.921383
136.000000,4,3.839830
71.000000,2,0.275302
150.333333,3,2.193038
59.000000,3,0.629082
71.944444,18,17.847558
94.200000,5,2.399822
77.857143,7,2.691386
86.500000,2,0.484189
83.000000,5,1.586512
96.500000,4,1.547515
170.176471,17,145.973296
109.600000,5,3.005787
68.000000,2,0.274211
146.833333,6,8.206114
71.166667,6,1.683472
90.000000,2,0.435665
72.333333,3,0.545692
75.500000,6,2.207498
78.000000,2,0.350957
67.250000,4,0.790283
91.000000,2,0.458156
186.666667,3,5.088104
58.000000,2,0.222091
84.000000,2,0.419650
58.000000,11,7.145123
129.666667,3,1.847948
51.400000,5,0.757560
94.076923,13,13.137363
84.500000,2,0.398419
30.000000,7,0.454813
148.150000,20,116.718729
69.916667,12,6.825702
151.500000,2,1.171942
98.571429,7,4.661552
62.000000,4,0.631485
85.666667,3,0.827845
60.000000,2,0.301663
91.666667,3,0.871577
90.500000,6,2.773118
147.764706,17,71.630668
86.000000,2,0.393833
53.000000,2,0.196745
65.500000,4,0.721749
193.300000,10,42.474675
126.500000,6,9.526164
240.000000,5,11.238814
88.000000,2,0.460408
91.000000,2,0.444246
95.500000,2,0.504787
81.000000,2,0.354286
172.153846,13,74.633509
65.000000,2,0.253093
56.000000,2,0.185959
80.750000,4,1.096126
96.000000,2,0.490167
121.181818,11,24.821952
44.894737,19,6.576415
186.800000,5,8.345395
67.000000,2,0.258953
75.000000,2,0.299888
88.555556,9,6.225376
66.857143,7,1.814896
77.500000,2,0.345218
161.833333,6,8.399061
66.500000,2,0.273074
75.000000,3,0.660233
73.444444,9,5.111635
84.000000,2,0.375445
161.000000,9,24.975880
86.000000,2,0.388896
54.000000,4,0.473357
146.000000,13,36.445239
71.500000,2,0.309034
81.111111,9,5.153936
164.600000,10,26.898031
97.000000,2,0.509695
94.000000,2,0.462271
83.875000,8,3.821280
80.833333,6,2.409944
222.428571,7,22.768987
102.666667,9,7.404274
70.888889,9,3.492463
65.000000,8,2.276978
111.000000,3,1.425458
59.000000,2,0.300424
94.000000,2,0.514967
80.000000,2,0.354550
76.222222,9,5.029419
106.111111,9,8.591973
36.750000,4,0.266178
80.000000,3,0.646978
37.000000,12,1.744060
120.500000,4,2.698474
106.200000,5,2.831171
89.000000,2,0.447369
67.066667,15,9.742543
45.333333,9,1.541916
99.636364,11,11.895672
45.000000,7,0.920846
128.473684,19,70.644586
133.500000,2,0.977921
106.181818,11,15.063680
102.333333,3,1.050963
103.777778,18,38.259655
178.250000,4,8.256632
91.333333,6,2.953876
88.400000,5,1.987541
68.000000,2,0.258916
69.000000,3,0.473228
67.333333,3,0.551440
122.000000,4,2.926241
66.000000,2,0.249156
78.000000,11,7.899776
80.000000,2,0.358722
73.000000,6,1.696092
131.500000,8,14.632125
28.000000,3,0.125438
52.000000,2,0.169700
106.333333,3,1.290921
168.200000,5,7.133001
130.800000,5,4.091437
144.000000,2,1.127682
128.000000,9,23.776665
98.083333,12,12.910225
60.000000,4,0.686851
84.666667,6,2.467906
214.500000,2,2.319540
96.500000,2,0.524642
83.250000,8,4.190587
60.666667,3,0.422112
58.250000,4,0.889029
79.615385,13,10.017349
172.500000,4,5.986902
222.750000,4,8.105780
69.666667,18,15.911454
131.333333,3,1.925617
165.000000,5,8.127600
67.333333,3,0.556398
93.000000,4,1.803257
65.000000,6,1.368443
90.000000,3,0.822180
81.187500,16,18.349467
83.000000,2,0.414073
37.000000,2,0.143830
84.500000,8,5.542871
190.923077,13,65.287692
104.000000,3,1.329253
96.764706,17,32.087361
98.000000,5,2.441278
181.944444,18,159.155459
123.000000,2,0.783822
75.000000,2,0.318398
244.000000,3,5.232318
72.333333,3,0.548151
39.000000,2,0.118351
180.000000,4,4.637731
179.100000,10,27.926839
146.785714,14,49.737701
153.312500,16,75.059863
54.800000,5,1.682802
74.800000,5,2.852056
60.000000,4,1.312353
67.666667,3,0.962869
92.666667,3,1.951763
74.000000,2,0.640227
74.000000,2,0.631947
148.750000,4,10.049973
82.100000,10,24.818731
91.333333,6,19.182827
101.000000,2,11.590961
118.250000,4,70.807892
57.000000,2,1.701899
73.000000,2,2.541403
171.105263,19,197.055860
197.200000,5,9.021917
248.000000,2,2.842017
83.000000,9,6.080388
75.166667,6,2.522847
57.285714,7,1.853147
79.000000,13,10.709545
55.125000,8,2.565373
141.333333,6,7.663267
79.800000,5,1.812745
99.416667,12,19.812765
35.000000,5,0.323097
90.789474,19,32.635272
69.000000,3,0.519287
128.111111,9,15.063785
70.000000,3,0.505480
82.000000,2,0.383624
144.000000,2,1.224906
72.000000,2,0.310116
72.000000,5,1.206083
85.600000,5,2.026876
116.000000,2,0.781267
57.600000,5,0.992317
98.000000,2,0.520632
117.000000,8,11.413569
89.263158,19,28.394122
87.437500,16,20.574519
123.000000,2,0.800349
110.800000,10,16.674015
122.500000,2,0.841932
108.714286,7,7.053079
53.666667,6,1.030582
72.000000,4,0.812695
62.666667,3,0.404259
72.666667,3,0.530696
71.000000,2,0.293957
141.692308,13,37.950711
69.250000,4,0.833066
84.000000,16,24.230784
59.000000,3,0.662161
67.666667,3,0.528970
87.666667,6,3.131271
136.857143,7,9.590914
254.000000,4,20.558671
63.000000,2,0.252531
162.500000,4,6.086430
99.666667,18,36.070310
93.000000,2,0.466024
71.500000,4,0.999432
85.500000,2,0.393875
99.500000,2,0.552727
92.000000,4,1.499942
85.000000,2,0.422712
226.210526,19,478.879902
72.125000,8,3.523822
72.750000,4,0.936583
108.687500,16,31.263359
44.000000,3,0.236001
160.250000,4,4.340706
129.800000,5,4.844302
74.000000,2,0.347022
57.000000,2,0.214488
78.000000,2,0.350214
130.750000,4,3.070917
101.000000,4,1.622510
125.400000,5,4.817244
246.750000,4,9.986934
195.000000,5,9.659873
122.333333,3,1.540687
112.500000,2,0.750987
58.600000,5,0.996756
86.333333,3,0.784701
63.166667,6,1.308311
76.333333,3,0.570991
88.529412,17,24.026198
69.000000,2,0.281779
82.333333,9,5.238465
82.166667,6,2.348718
93.444444,9,6.765939
85.666667,6,3.150627
83.800000,5,1.693942
95.000000,2,0.485935
87.000000,2,0.468854
120.000000,2,0.723813
489.000000,4,26.492764
83.000000,3,0.785538
100.500000,4,2.163391
83.000000,2,0.369821
126.500000,2,0.893718
248.000000,5,12.121919
74.333333,3,0.567487
25.000000,2,0.088985
82.687500,16,17.273523
92.000000,2,0.440828
112.000000,3,1.272993
153.000000,2,1.299470
132.066667,15,39.843500
198.500000,6,19.208658
91.333333,3,0.874597
93.944444,18,35.648875
65.250000,4,0.719598
111.333333,3,1.554254
111.846154,13,23.897978
173.600000,5,6.926802
85.200000,5,1.740597
333.000000,3,9.139155
53.000000,6,0.984425
20.000000,16,0.993353
212.000000,2,2.384426
77.000000,2,0.343212
125.600000,5,4.323094
100.111111,9,7.343850
45.600000,10,1.916003
315.176471,17,1011.686105
93.538462,13,15.998553
128.000000,8,9.301026
56.666667,3,0.302765
192.636364,11,44.688279
80.357143,14,9.379524
70.666667,3,0.338879
140.428571,7,6.643188
69.666667,3,0.339727
78.000000,2,0.247406
312.375000,8,30.851655
75.454545,11,4.137928
180.000000,14,54.387354
100.000000,2,0.329211
106.153846,13,9.648034
95.153846,13,8.599683
77.000000,2,0.223418
63.000000,4,0.499828
97.200000,5,1.545669
74.000000,4,0.591389
111.500000,4,1.312044
101.555556,9,5.537199
96.400000,5,1.358148
106.500000,4,1.193648
117.923077,13,20.412780
75.000000,2,0.169808
69.000000,2,0.178113
189.800000,5,4.436599
117.000000,2,0.566148
64.000000,2,0.139869
83.250000,4,0.742000
67.850000,20,9.625199
73.500000,2,0.186059
86.714286,7,2.159270
381.000000,9,58.895882
106.000000,4,1.032427
83.750000,4,0.667708
146.000000,3,2.028089
60.333333,3,0.226036
90.333333,3,0.509744
67.833333,12,3.244643
250.666667,3,12.934500
83.500000,2,0.381736
37.000000,2,0.123629
213.000000,3,4.282475
133.800000,5,5.280544
95.500000,2,0.506186
204.222222,18,150.113095
224.866667,15,126.978737
64.500000,2,0.258670
71.666667,3,0.616501
84.600000,5,1.899493
57.200000,5,0.824054
112.833333,12,17.308193
115.000000,2,1.462043
74.875000,16,34.165886
87.000000,6,4.904065
88.000000,2,0.749321
106.000000,3,2.380880
70.000000,4,1.730376
109.500000,6,8.746234
37.000000,2,0.266594
86.722222,18,175.064929
258.888889,18,304.896058
68.333333,6,1.642641
289.375000,8,40.536898
196.000000,2,1.994543
83.909091,11,9.174425
148.375000,8,16.819308
91.000000,2,0.420402
115.928571,14,28.804374
95.142857,7,5.971871
175.000000,5,8.238544
47.000000,3,0.258979
77.625000,8,3.591875
82.500000,2,0.344426
89.500000,2,0.414107
59.000000,3,0.596958
75.666667,3,0.654000
101.000000,2,0.523050
78.666667,12,7.478535
72.250000,4,0.852870
67.000000,4,0.679942
140.533333,15,41.938291
67.500000,2,0.251130
91.000000,7,3.596811
134.000000,6,5.901681
93.400000,10,8.868729
92.000000,6,3.134084
67.000000,2,0.237825
191.000000,3,3.910763
75.500000,2,0.347265
126.000000,2,0.935818
56.000000,2,0.201607
82.000000,2,0.374243
173.000000,2,1.489457
73.000000,2,0.313550
85.333333,18,28.468022
111.600000,5,3.142642
78.666667,3,0.714520
115.333333,3,1.406673
252.222222,9,58.162213
29.000000,3,0.173612
172.285714,7,16.052716
112.000000,6,3.916237
79.142857,7,3.125516
170.750000,4,4.582250
94.857143,14,18.132325
107.000000,18,40.042740
72.000000,3,0.596459
166.857143,7,14.936176
140.000000,5,4.601839
161.777778,9,22.840412
309.500000,4,11.329110
99.500000,4,2.856596
86.800000,5,2.189710
93.187500,16,25.966073
336.000000,3,11.080229
98.750000,4,2.029222
73.333333,3,0.740327
235.500000,4,11.819887
138.250000,8,41.335962
79.600000,5,5.142082
150.500000,4,15.336899
287.700000,20,669.106215
81.833333,6,1.832719
146.500000,8,12.731165
125.666667,3,2.467473
207.111111,9,22.168218
80.000000,3,0.432176
95.400000,5,1.303482
73.315789,19,12.090067
98.000000,2,0.327595
70.823529,17,9.704086
84.500000,2,0.278364
53.000000,8,0.994471
124.000000,3,1.099679
85.600000,15,11.264573
98.714286,7,3.700039
129.714286,7,7.695495
76.200000,5,1.779835
78.666667,3,0.732815
90.000000,2,0.437134
83.636364,11,7.294067
64.000000,2,0.234988
119.500000,2,0.881986
30.000000,3,0.151753
76.050000,20,28.455563
111.000000,3,1.258434
195.000000,19,215.302634
77.000000,4,2.360654
148.666667,3,6.470938
179.400000,5,36.739566
123.000000,2,14.582474
91.900000,10,101.528090
71.818182,11,19.298681
186.500000,2,4.578179
80.000000,2,0.804981
93.812500,16,42.394851
138.461538,13,48.666002
58.666667,3,0.555594
152.666667,3,2.801488
57.000000,10,3.257045
215.866667,15,166.154458
99.571429,7,4.911769
135.500000,4,3.015139
89.800000,5,2.294940
40.000000,2,0.143259
138.000000,7,8.075145
64.250000,4,0.660054
474.000000,4,21.091819
94.272727,11,10.685297
46.875000,8,1.263505
73.000000,3,0.620523
87.750000,4,1.388061
122.600000,5,3.792005
103.000000,2,0.575985
190.750000,4,5.712157
73.500000,4,0.937463
89.272727,11,9.906225
74.500000,4,0.992833
139.333333,3,1.954461
56.200000,5,0.805047
56.500000,2,0.208960
140.000000,3,1.904218
68.000000,2,0.261623
134.642857,14,40.442351
30.000000,4,0.211494
55.250000,8,1.978053
103.500000,2,0.691137
131.000000,3,1.773776
63.000000,2,0.224792
81.000000,3,0.678646
55.000000,4,0.480116
77.333333,3,0.616199
303.285714,7,32.688445
73.000000,2,0.293475
75.000000,2,0.333126
68.000000,2,0.268946
84.333333,3,0.714896
98.500000,2,0.560443
37.000000,2,0.114418
236.000000,3,6.913815
73.000000,3,0.535301
76.350000,20,24.726346
87.000000,5,2.026279
79.000000,16,14.516065
108.866667,15,28.696147
68.000000,2,0.255458
86.400000,5,1.996947
86.000000,2,0.377507
119.000000,3,1.837090
92.222222,18,32.155505
83.500000,6,2.174455
95.833333,6,2.949544
71.500000,2,0.339967
67.750000,4,0.903968
73.166667,12,6.791623
123.333333,3,1.633742
103.000000,2,0.653761
82.000000,3,0.793847
141.416667,12,30.546358
79.000000,3,0.819709
232.000000,2,4.028260
94.500000,8,6.998945
203.800000,5,12.892246
66.000000,2,0.354052
105.400000,5,4.129385
57.000000,7,2.598732
88.600000,5,2.977507
94.000000,3,1.547863
87.500000,2,0.775143
73.444444,18,44.673696
107.500000,10,131.040716
69.500000,4,4.106270
72.600000,5,6.218764
82.142857,7,13.171689
85.500000,2,0.420361
203.200000,5,11.727438
63.000000,2,0.223430
93.333333,3,0.891588
99.000000,3,1.063548
86.333333,3,0.810213
37.000000,2,0.117159
159.000000,2,1.118675
144.666667,3,2.402763
89.000000,2,0.424997
428.666667,3,13.386713
92.000000,3,0.888752
82.666667,6,2.960117
199.090909,11,50.549594
109.285714,14,31.574992
121.500000,2,1.432086
83.000000,2,0.651684
125.444444,18,269.586871
116.500000,4,3.779997
148.812500,16,74.831286
121.500000,2,1.466612
85.000000,2,0.397884
274.800000,5,18.351450
227.000000,2,2.405743
100.000000,2,0.578504
158.666667,3,2.483868
309.000000,2,4.707457
209.500000,6,13.708804
78.263158,19,23.002153
78.600000,5,1.660799
77.500000,2,0.356660
92.166667,12,13.174451
74.000000,6,2.119559
121.666667,6,5.540581
74.333333,3,0.591542
141.000000,2,1.037677
73.000000,2,0.288946
105.333333,6,3.609616
202.000000,2,2.180709
97.000000,2,0.503071
82.500000,4,1.310082
76.666667,3,0.628756
105.000000,3,1.067855
494.000000,6,50.384466
84.000000,4,1.094005
348.200000,5,21.354171
82.000000,3,0.686564
74.352941,17,18.415885
221.000000,3,4.303450
81.571429,7,7.369722
82.000000,10,16.270524
37.000000,2,0.243235
114.000000,2,1.556020
131.272727,11,35.157737
79.000000,3,0.971932
113.000000,2,1.092582
68.545455,11,7.898664
73.000000,2,0.414117
83.000000,2,0.525018
98.000000,4,2.375505
70.200000,20,27.356745
97.300000,10,12.406678
80.750000,4,1.185600
63.000000,4,0.750621
113.714286,7,9.551839
97.500000,12,12.667783
128.450000,20,79.572231
94.909091,11,9.908550
95.000000,2,0.488126
82.000000,3,0.674764
147.666667,3,2.328809
89.250000,4,1.542019
85.500000,2,0.403116
128.000000,3,2.594113
85.000000,17,19.984771
73.000000,3,0.567829
110.500000,6,3.961855
85.000000,5,1.830249
153.500000,2,1.293533
86.000000,3,0.792038
415.333333,6,153.803080
105.600000,5,3.034759
65.333333,3,0.454499
81.000000,2,0.406327
135.437500,16,46.569407
65.833333,6,1.559262
65.000000,4,0.600921
71.000000,3,0.477587
89.000000,2,0.406058
117.000000,2,0.739330
281.333333,3,5.942987
139.333333,3,1.815166
60.000000,12,4.482004
97.857143,7,4.124832
65.400000,5,1.166309
65.714286,7,2.195623
98.000000,3,0.793562
168.800000,10,31.238089
114.222222,9,12.985347
73.000000,2,0.277036
76.000000,2,0.311494
64.000000,3,0.410194
82.750000,4,1.103720
88.666667,3,0.856684
100.500000,6,3.504320
68.000000,2,0.259902
91.090909,11,11.283997
92.388889,18,30.595093
105.400000,15,25.002514
126.200000,5,9.313742
402.500000,2,5.965305
126.600000,10,16.553848
121.500000,12,31.870931
96.000000,5,2.177061
78.846154,13,10.591454
234.375000,16,202.816160
61.000000,2,0.202327
117.000000,2,0.679623
94.444444,9,5.181673
69.562500,16,10.354754
102.200000,5,2.376164
35.000000,5,0.251355
126.142857,14,37.503133
57.333333,3,0.435608
139.000000,8,7.032527
76.833333,12,4.991280
132.333333,9,8.504630
76.500000,4,0.597271
92.833333,6,1.894922
68.833333,6,0.922282
75.750000,4,0.566494
184.200000,10,22.902178
89.285714,7,2.755464
99.800000,15,15.297723
85.888889,9,3.912575
84.250000,4,0.787751
109.000000,2,0.400850
75.500000,2,0.204267
62.666667,3,0.249491
175.500000,2,0.979735
450.125000,8,62.055504
128.000000,6,3.266190
67.000000,2,0.165320
79.000000,3,0.454145
81.615385,13,6.072158
57.200000,5,0.619453
219.714286,7,13.303717
145.000000,4,4.457721
103.611111,18,42.193203
75.750000,4,1.061261
36.888889,9,0.995606
86.000000,9,5.263024
37.000000,2,0.122497
141.333333,6,7.532941
37.000000,2,0.112857
123.000000,5,3.736556
119.666667,3,1.525933
106.785714,14,23.912673
80.000000,13,9.399101
70.500000,4,0.800719
99.200000,5,2.484575
98.400000,5,2.284546
68.000000,2,0.271954
140.500000,2,0.999125
100.500000,10,10.366787
58.500000,2,0.326393
150.500000,2,1.279347
72.000000,2,0.293742
284.625000,8,34.950772
87.500000,4,1.260787
170.533333,15,80.562354
73.750000,4,0.792955
152.000000,5,4.711314
100.285714,7,4.249803
95.000000,2,0.455149
400.923077,13,185.172824
82.000000,3,0.391399
111.250000,4,1.444792
203.000000,3,2.303591
155.166667,6,6.912650
88.500000,4,0.776762
97.333333,6,1.923999
194.000000,3,2.696514
94.166667,6,2.346314
203.857143,7,17.571824
62.000000,10,1.984405
86.857143,7,2.136370
88.000000,6,1.716317
141.200000,5,3.375301
70.000000,2,0.175477
90.642857,14,8.879036
79.000000,2,0.210681
137.666667,3,1.360714
181.333333,3,1.784373
35.000000,6,0.258353
82.888889,18,13.014993
87.000000,2,0.451142
58.000000,2,0.229637
127.000000,2,1.695488
77.000000,11,6.584396
42.600000,10,1.905841
125.500000,2,1.015087
87.625000,8,5.541649
71.692308,13,8.562273
74.000000,2,0.323704
44.500000,8,1.117799
135.000000,2,0.929729
94.500000,2,0.570304
187.000000,3,3.495874
86.000000,3,0.939577
71.000000,2,0.277284
77.000000,2,0.326330
87.000000,2,0.423424
63.000000,2,0.227516
100.000000,3,0.920715
149.285714,7,12.462831
58.000000,4,0.643627
77.500000,2,0.353465
294.666667,3,7.641807
76.000000,2,0.297143
107.000000,4,1.645231
101.125000,16,25.104846
78.500000,4,1.054322
71.000000,2,0.254709
63.000000,7,1.674718
96.187500,16,25.555303
66.000000,3,0.450360
72.363636,11,5.295759
90.000000,2,0.407828
108.800000,5,2.764396
84.333333,3,0.700489
58.000000,2,0.191680
37.000000,2,0.106763
83.000000,3,0.587046
105.200000,5,2.747229
72.800000,5,1.194059
72.714286,7,2.149205
214.500000,12,56.910567
273.200000,5,13.540839
92.000000,2,0.361381
67.000000,3,0.315895
83.000000,9,3.632495
