67.800000,5,0.623309
73.800000,5,0.850869
71.600000,5,0.871156
72.800000,5,0.863940
72.800000,5,0.782251
73.000000,5,0.745687
74.800000,5,1.028538
72.600000,5,0.936296
73.200000,5,0.728829
68.000000,5,0.603113
76.200000,5,1.362641
72.800000,5,0.782132
69.000000,5,0.950207
73.000000,5,0.840407
70.200000,5,1.000014
67.600000,5,0.628953
73.600000,5,0.863818
73.200000,5,0.730167
75.600000,5,1.341671
70.600000,5,0.671088
73.600000,5,1.209318
73.600000,5,0.766613
72.000000,5,0.697003
74.400000,5,1.044476
70.000000,5,0.857404
72.600000,5,0.730757
67.400000,5,0.640012
73.600000,5,0.757252
73.600000,5,0.785802
72.800000,5,0.796625
73.000000,5,0.803276
73.400000,5,0.770592
73.000000,5,0.729916
67.600000,5,0.824156
73.200000,5,0.751714
70.200000,5,0.834083
73.800000,5,0.757540
73.600000,5,0.777142
72.600000,5,0.720798
72.800000,5,0.768032
73.000000,5,0.719767
72.000000,5,0.706135
72.800000,5,0.742060
72.000000,5,0.708834
73.600000,5,0.773068
72.800000,5,0.823415
73.000000,5,0.793527
77.800000,5,1.162234
70.000000,5,0.857149
73.200000,5,0.779578
73.600000,5,0.765369
76.800000,5,1.183630
71.800000,5,0.992228
75.000000,5,1.032823
69.800000,5,0.921420
73.800000,5,0.739381
73.000000,5,0.855527
73.600000,5,0.772314
73.000000,5,0.808295
73.000000,5,0.792376
73.000000,5,0.798679
73.600000,5,0.938562
67.600000,5,0.632013
72.000000,5,0.803229
73.000000,5,0.714613
73.800000,5,0.753605
73.200000,5,0.733694
69.800000,5,0.963400
67.600000,5,0.575756
73.000000,5,0.733932
73.400000,5,0.851164
73.000000,5,0.764555
72.000000,5,0.735966
73.800000,5,0.804390
67.400000,5,0.619518
67.400000,5,0.611840
74.400000,5,1.034958
73.000000,5,0.743167
74.800000,5,0.917713
67.600000,5,0.657104
73.000000,5,0.807221
69.200000,5,0.796326
72.800000,5,0.791700
67.600000,5,0.600200
73.600000,5,0.741133
75.200000,5,1.257793
72.200000,5,0.922681
67.400000,5,0.595297
73.800000,5,0.814973
72.000000,5,0.739240
76.400000,5,1.236992
73.200000,5,0.735593
76.000000,5,0.939588
73.400000,5,0.778118
72.000000,5,0.727763
71.600000,5,0.851837
71.400000,5,0.794702
73.200000,5,0.802991
112.600000,5,3.081108
115.000000,5,2.181463
115.400000,5,2.716181
121.600000,5,2.313556
120.000000,5,2.726490
117.800000,5,3.131380
116.200000,5,2.558614
117.400000,5,2.797055
118.600000,5,2.924487
116.600000,5,2.596081
114.800000,5,2.330303
119.200000,5,2.878211
110.400000,5,2.607210
117.000000,5,2.720751
118.200000,5,3.256624
118.800000,5,2.570587
115.800000,5,2.394207
117.000000,5,3.320450
115.600000,5,2.629819
116.000000,5,2.023442
116.600000,5,3.933130
116.800000,5,3.072817
121.200000,5,2.492429
120.400000,5,2.943459
116.400000,5,3.132173
116.400000,5,2.479895
116.000000,5,2.531852
118.600000,5,2.496985
117.400000,5,2.650819
119.600000,5,2.919225
120.000000,5,2.600722
115.400000,5,2.521467
121.000000,5,2.826028
116.400000,5,2.844522
117.000000,5,2.378939
118.400000,5,3.040708
115.000000,5,2.868654
116.200000,5,2.445927
117.600000,5,3.014030
115.800000,5,2.767838
119.000000,5,2.547730
118.800000,5,2.907475
117.000000,5,2.939398
115.800000,5,2.302896
117.800000,5,3.380790
119.800000,5,2.614505
120.200000,5,2.410279
121.600000,5,3.165770
119.000000,5,2.821738
119.000000,5,2.658249
117.800000,5,3.529176
116.200000,5,2.700132
118.800000,5,2.666385
118.000000,5,2.903755
118.600000,5,2.913898
116.000000,5,2.189687
116.200000,5,2.677710
118.800000,5,2.926139
114.600000,5,2.251129
117.400000,5,3.411510
113.200000,5,2.922111
114.800000,5,2.558051
115.800000,5,2.996087
116.000000,5,2.766075
117.000000,5,2.754289
116.400000,5,2.917840
116.200000,5,2.927124
121.000000,5,2.295486
116.000000,5,3.284948
115.400000,5,2.771819
115.800000,5,2.604575
118.600000,5,3.428704
118.600000,5,2.852215
116.600000,5,2.416451
116.000000,5,2.696369
117.000000,5,2.688526
116.200000,5,2.402622
116.000000,5,2.795498
299.200000,5,16.815958
299.000000,5,15.849876
298.600000,5,14.849662
298.600000,5,9.760166
282.800000,5,31.777835
290.000000,5,17.080954
297.000000,5,6.761715
299.000000,5,15.829452
296.800000,5,14.873359
303.800000,5,11.660650
303.400000,5,16.622683
303.400000,5,14.726707
299.000000,5,10.755971
298.600000,5,14.659964
298.800000,5,16.192766
299.000000,5,10.037590
297.200000,5,15.042098
299.800000,5,14.760737
304.400000,5,11.106314
299.400000,5,15.660293
297.400000,5,12.581439
297.400000,5,9.836051
299.000000,5,16.893242
298.000000,5,11.876988
303.200000,5,9.780346
304.400000,5,18.420002
298.400000,5,11.486467
303.600000,5,9.836432
299.400000,5,16.321621
298.800000,5,11.701624
302.800000,5,9.920547
299.600000,5,16.705089
298.800000,5,11.648437
299.000000,5,9.450222
298.800000,5,16.873855
297.600000,5,12.186056
298.400000,5,10.254128
292.200000,5,24.709993
303.600000,5,10.874149
302.000000,5,11.256599
302.800000,5,17.113385
290.200000,5,20.121689
76.600000,5,0.614954
69.800000,5,0.849310
77.800000,5,1.218666
81.600000,5,1.315109
80.400000,5,1.286895
74.800000,5,0.759820
72.800000,5,1.062164
74.200000,5,1.104044
75.200000,5,0.914263
61.800000,5,0.598083
81.000000,5,1.421009
86.600000,5,1.509311
76.800000,5,1.105879
72.600000,5,0.882256
76.400000,5,1.119385
75.400000,5,0.972411
76.000000,5,0.839499
77.400000,5,1.074487
78.800000,5,1.364172
77.400000,5,0.892486
76.800000,5,0.787544
69.600000,5,1.039932
72.000000,5,0.914753
88.600000,5,1.881859
75.400000,5,0.905625
75.400000,5,0.766294
141.800000,5,4.188209
83.600000,5,1.536486
71.600000,5,0.864962
78.200000,5,1.276353
75.800000,5,0.966837
79.400000,5,1.305248
75.200000,5,1.094522
74.200000,5,1.151710
76.600000,5,1.060576
140.000000,5,4.578214
81.800000,5,1.467893
83.200000,5,1.642014
76.600000,5,1.017224
79.600000,5,1.214615
77.800000,5,1.107680
140.400000,5,4.902351
71.800000,5,0.939002
79.400000,5,1.369183
86.400000,5,1.599020
75.400000,5,0.949971
141.600000,5,4.388731
75.200000,5,1.016348
81.600000,5,1.326234
76.000000,5,1.051184
81.200000,5,1.326596
78.600000,5,1.277000
76.000000,5,0.846049
78.800000,5,1.215297
72.200000,5,1.035111
75.200000,5,1.126852
74.200000,5,0.954409
75.600000,5,1.148435
81.800000,5,1.383150
61.800000,5,0.672229
76.800000,5,0.984634
76.800000,5,0.994488
76.200000,5,1.214633
140.000000,5,4.780819
73.600000,5,1.016285
78.000000,5,0.836575
79.200000,5,1.232718
74.200000,5,1.007304
76.200000,5,0.860104
87.000000,5,1.998141
74.800000,5,0.821296
76.200000,5,0.872202
69.000000,5,1.091579
76.600000,5,1.037995
75.800000,5,1.051627
79.000000,5,0.919440
71.000000,5,0.997490
81.400000,5,1.489253
73.400000,5,1.048235
62.200000,5,0.520135
78.000000,5,0.937448
71.200000,5,0.940569
80.200000,5,1.649339
74.800000,5,0.897942
76.400000,5,0.843447
79.200000,5,1.337605
76.600000,5,0.966741
78.400000,5,1.162494
79.000000,5,0.941375
72.800000,5,0.916246
76.200000,5,1.025133
74.000000,5,1.292813
118.200000,5,3.273744
115.800000,5,3.481453
117.200000,5,3.992900
116.200000,5,3.269540
120.800000,5,4.612284
119.000000,5,3.478642
116.400000,5,3.017488
121.400000,5,2.750353
120.400000,5,2.768797
118.400000,5,3.483098
119.800000,5,3.161918
118.600000,5,4.991717
122.400000,5,3.052176
119.000000,5,3.216264
115.600000,5,2.563817
114.000000,5,5.498130
119.400000,5,2.967238
116.000000,5,3.232635
116.800000,5,2.924233
117.600000,5,4.025128
117.400000,5,2.855605
116.200000,5,3.454750
116.800000,5,2.740334
118.400000,5,3.371823
121.200000,5,4.356745
118.600000,5,2.888551
115.600000,5,2.890400
122.000000,5,3.285179
118.600000,5,3.878133
120.600000,5,2.669308
121.600000,5,2.983382
119.000000,5,3.708350
117.400000,5,2.411577
118.200000,5,3.903651
119.800000,5,3.217987
122.200000,5,3.508453
122.800000,5,2.928157
119.800000,5,3.776281
117.600000,5,3.090305
121.200000,5,3.081240
117.800000,5,2.920506
117.800000,5,3.770581
117.000000,5,2.907789
114.400000,5,2.744881
115.000000,5,3.227657
118.800000,5,3.569512
114.000000,5,2.784593
118.000000,5,3.821323
115.800000,5,2.633190
114.000000,5,2.872812
122.400000,5,2.872252
114.600000,5,2.375295
114.400000,5,3.601480
115.600000,5,2.685354
116.600000,5,2.005815
121.200000,5,2.105680
118.800000,5,3.037941
117.000000,5,3.091328
118.000000,5,2.496251
120.800000,5,2.494047
117.600000,5,2.633691
121.600000,5,2.568344
118.200000,5,3.819849
117.800000,5,3.229575
119.800000,5,2.393799
116.400000,5,2.746384
121.800000,5,2.113958
121.000000,5,1.961264
120.000000,5,2.200504
120.800000,5,2.111787
117.400000,5,2.490245
122.800000,5,3.460033
117.800000,5,3.075934
117.400000,5,2.638609
